     0/399     2.17G   0.09097  0.001668  0.004807    0.1948         1       640         0         0         0         0   0.07814   0.07814   0.07814
     1/399     3.75G   0.07955  0.002137  0.004379    0.1721         3       640         0         0         0         0   0.07708   0.07708   0.07708
     2/399     3.75G   0.07778  0.002305   0.00429    0.1687         4       640         0         0         0         0   0.07589   0.07589   0.07589
     3/399     3.75G   0.07636  0.002295  0.004275    0.1658         3       640         0         0         0         0   0.07248   0.07248   0.07248
     4/399     3.75G   0.07668  0.002213  0.004263    0.1662         1       640         0         0         0         0   0.07582   0.07582   0.07582
     5/399     3.75G   0.07488  0.002345  0.004237    0.1629         1       640         0         0         0         0   0.08153   0.08153   0.08153
     6/399     3.75G   0.07346  0.002383  0.004251    0.1601         1       640         0         0         0         0   0.07407   0.07407   0.07407
     7/399     3.75G   0.06981  0.002524  0.004195     0.153         1       640 0.0001322  0.002564 1.488e-06 1.488e-07   0.07099   0.07099   0.07099
     8/399     3.75G   0.06873  0.002536  0.004182    0.1509         0       640 0.0006413   0.02564 7.583e-05 9.623e-06   0.07735   0.07735   0.07735
     9/399     3.75G   0.06689  0.002525  0.004151    0.1471         2       640         0         0         0         0   0.08689   0.08689   0.08689
    10/399     3.75G   0.06484  0.002548  0.004132     0.143         0       640 0.0006258   0.08974 0.0001301 2.439e-05   0.06758   0.06758   0.06758
    11/399     3.75G   0.06393  0.002491  0.004103     0.141         1       640 0.0002279   0.07491 2.217e-05 3.064e-06   0.07776   0.07776   0.07776
    12/399     3.75G   0.06353  0.002399  0.004086      0.14         3       640 0.0001612   0.07692 2.579e-05 4.947e-06   0.07522   0.07522   0.07522
    13/399     3.75G   0.06251  0.002338  0.004021    0.1377         1       640 0.0003463   0.08219 7.127e-05 1.289e-05   0.06959   0.06959   0.06959
    14/399     3.75G   0.06037  0.002279  0.003954    0.1331         5       640 0.0004756    0.1979 0.0001518 3.061e-05   0.07035   0.07035   0.07035
    15/399     3.75G   0.05918  0.002194  0.003906    0.1305         7       640 0.0008909   0.02578 0.0001343 2.216e-05   0.07637   0.07637   0.07637
    16/399     3.75G   0.05962  0.002025  0.003955    0.1311         1       640  0.001217    0.1653 0.0004096 6.769e-05   0.07242   0.07242   0.07242
    17/399     3.75G   0.05817  0.001999  0.003985    0.1282         2       640   0.01283     0.113  0.000662 0.0001243    0.0698    0.0698    0.0698
    18/399     3.75G   0.05807  0.001934  0.003886    0.1277         4       640   0.02471    0.2466  0.002745  0.000465   0.06913   0.06913   0.06913
    19/399     3.75G   0.05674  0.001948  0.003816     0.125         2       640  0.005579    0.1362 0.0007802 0.0001494   0.07224   0.07224   0.07224
    20/399     3.75G   0.05672   0.00192  0.003821    0.1249         1       640  0.006261    0.2702  0.001951 0.0003534   0.07162   0.07162   0.07162
    21/399     3.75G   0.05647  0.001853  0.003733     0.124         2       640  0.008361    0.2082  0.005468  0.001121   0.06773   0.06773   0.06773
    22/399     3.75G   0.05512   0.00185  0.003671    0.1212         2       640  0.007401   0.01809  0.001509 0.0002888   0.07025   0.07025   0.07025
    23/399     3.75G   0.05475  0.001846  0.003719    0.1206         2       640   0.02872    0.1444  0.008111  0.002715   0.06378   0.06378   0.06378
    24/399     3.75G   0.05411  0.001844  0.003666    0.1192         1       640    0.0167    0.1904  0.007692  0.002595   0.06414   0.06414   0.06414
    25/399     3.75G   0.05396  0.001775  0.003563    0.1186         2       640   0.03341   0.09841  0.009678  0.001952    0.0642    0.0642    0.0642
    26/399     3.75G   0.05353   0.00175   0.00354    0.1176         3       640   0.01978    0.1141  0.008478  0.002093   0.06288   0.06288   0.06288
    27/399     3.75G   0.05358  0.001798  0.003607    0.1179         4       640    0.0584   0.09681   0.02298  0.005812   0.06448   0.06448   0.06448
    28/399     3.75G   0.05254  0.001774  0.003472    0.1155         1       640    0.1245    0.1242   0.03917  0.008453   0.06601   0.06601   0.06601
    29/399     3.75G   0.05246   0.00172  0.003533    0.1154         2       640    0.1658    0.2048   0.06104    0.0155   0.06437   0.06437   0.06437
    30/399     3.75G   0.05225  0.001736  0.003359    0.1146         3       640     0.176    0.1451   0.06256   0.01198   0.06917   0.06917   0.06917
    31/399     3.75G   0.05237  0.001685  0.003482     0.115         1       640    0.1675    0.2221    0.0786   0.02004   0.05972   0.05972   0.05972
    32/399     3.75G   0.05183  0.001664  0.003365    0.1137         0       640    0.3212    0.1017    0.0678   0.01874   0.06578   0.06578   0.06578
    33/399     3.75G   0.05069  0.001693  0.003276    0.1113         2       640    0.3736    0.1863    0.1523   0.03817   0.06302   0.06302   0.06302
    34/399     3.75G   0.05129  0.001611  0.003248    0.1123         1       640    0.2588    0.2024    0.1243   0.03315   0.06396   0.06396   0.06396
    35/399     3.75G    0.0499   0.00163  0.003104    0.1092         3       640    0.1508    0.1628   0.07395   0.01647   0.06397   0.06397   0.06397
    36/399     3.75G   0.05021  0.001609  0.003135    0.1098         5       640    0.5399      0.15    0.1206   0.02385   0.06923   0.06923   0.06923
    37/399     3.75G   0.05039  0.001629  0.003146    0.1103         5       640     0.279    0.1733    0.1011    0.0289   0.06392   0.06392   0.06392
    38/399     3.75G   0.04938  0.001656  0.003112    0.1082         3       640    0.2505    0.2865    0.1642   0.04065   0.06406   0.06406   0.06406
    39/399     3.75G   0.04887  0.001588  0.003052     0.107         1       640    0.2413    0.1882    0.1322    0.0409   0.06005   0.06005   0.06005
    40/399     3.75G   0.04935  0.001609  0.003011    0.1079         1       640    0.2906    0.2578    0.1442   0.03719   0.06104   0.06104   0.06104
    41/399     3.75G   0.04826  0.001599  0.002932    0.1056         0       640    0.2252    0.2261     0.131   0.03378   0.06253   0.06253   0.06253
    42/399     3.75G   0.04816  0.001563  0.002849    0.1051         1       640     0.257    0.2532    0.1414   0.03451   0.06006   0.06006   0.06006
    43/399     3.75G    0.0481  0.001545  0.002852     0.105         0       640    0.2903    0.2062    0.1212   0.02933    0.0612    0.0612    0.0612
    44/399     3.75G   0.04804  0.001542  0.002763    0.1046         2       640    0.3487    0.2038    0.1587   0.03825   0.06219   0.06219   0.06219
    45/399     3.75G    0.0481  0.001537  0.002802    0.1048         3       640    0.2635    0.2994    0.2101    0.0524   0.06207   0.06207   0.06207
    46/399     3.75G   0.04719  0.001545  0.002702    0.1028         3       640    0.3466    0.2708    0.2017   0.06591    0.0573    0.0573    0.0573
    47/399     3.75G   0.04671  0.001506  0.002702    0.1018         1       640    0.2848    0.2854    0.1918   0.04522   0.06393   0.06393   0.06393
    48/399     3.75G   0.04766  0.001519  0.002756    0.1038         1       640    0.4013    0.3059    0.2566    0.0803   0.05964   0.05964   0.05964
    49/399     3.75G   0.04644  0.001484  0.002526    0.1009         1       640    0.4405    0.2934    0.2727   0.08863   0.05735   0.05735   0.05735
    50/399     3.75G   0.04707  0.001489  0.002595    0.1023         5       640     0.282    0.2947    0.2022   0.06591   0.05906   0.05906   0.05906
    51/399     3.75G   0.04635  0.001532  0.002633     0.101         1       640    0.2668    0.3203    0.1969   0.05606   0.05894   0.05894   0.05894
    52/399     3.75G     0.046  0.001464  0.002503    0.0999         2       640    0.2681    0.2842    0.1811   0.05746   0.05691   0.05691   0.05691
    53/399     3.75G   0.04685  0.001428  0.002467    0.1014         1       640    0.5898    0.2349    0.2552   0.07918   0.05881   0.05881   0.05881
    54/399     3.75G   0.04533  0.001489  0.002413   0.09841         2       640    0.4428    0.2702    0.2444   0.06916   0.06014   0.06014   0.06014
    55/399     3.75G    0.0457  0.001522  0.002468   0.09936         1       640     0.463    0.2746    0.2282   0.07202   0.05689   0.05689   0.05689
    56/399     3.75G   0.04583  0.001468  0.002395   0.09933         3       640    0.4235    0.2647    0.2447   0.07969   0.06074   0.06074   0.06074
    57/399     3.75G   0.04523  0.001475  0.002413   0.09822         1       640    0.4143     0.287    0.2522   0.07054   0.05983   0.05983   0.05983
    58/399     3.75G   0.04508  0.001473  0.002268    0.0976         1       640     0.323    0.2188    0.1657   0.05222   0.06143   0.06143   0.06143
    59/399     3.75G    0.0455  0.001419  0.002279   0.09836         2       640    0.4665    0.3035    0.2996   0.07777   0.06337   0.06337   0.06337
    60/399     3.75G   0.04492  0.001402  0.002214   0.09707         0       640     0.386     0.333     0.271   0.08102   0.06026   0.06026   0.06026
    61/399     3.75G   0.04483  0.001421   0.00225   0.09694         3       640    0.4194    0.3188    0.2739   0.08303   0.05756   0.05756   0.05756
    62/399     3.75G   0.04483  0.001428   0.00226   0.09699         3       640    0.5263    0.2811    0.2864   0.08639   0.06159   0.06159   0.06159
    63/399     3.75G   0.04464  0.001379  0.002154   0.09631         1       640    0.2931    0.3053    0.2131    0.0602   0.05969   0.05969   0.05969
    64/399     3.75G   0.04469  0.001448  0.002134    0.0965         1       640    0.4538    0.2866    0.2814   0.08046   0.05817   0.05817   0.05817
    65/399     3.75G   0.04469  0.001407  0.002209   0.09656         2       640    0.4504    0.3333    0.3434    0.1142   0.05747   0.05747   0.05747
    66/399     3.75G   0.04334  0.001378  0.002171   0.09373         4       640    0.4239    0.3554    0.3141    0.1017   0.05652   0.05652   0.05652
    67/399     3.75G   0.04368  0.001374  0.002104   0.09425         3       640    0.3535    0.2981    0.2373   0.07007   0.05988   0.05988   0.05988
    68/399     3.75G   0.04403  0.001392  0.002003   0.09481         3       640    0.3396    0.2902    0.2394   0.07785   0.05548   0.05548   0.05548
    69/399     3.75G   0.04428   0.00137  0.002139   0.09552         1       640    0.5654     0.317    0.3391   0.09974   0.05638   0.05638   0.05638
    70/399     3.75G   0.04319  0.001331  0.002017   0.09306         1       640    0.5088    0.3816    0.3474    0.1171   0.05756   0.05756   0.05756
    71/399     3.75G   0.04319  0.001397  0.002111   0.09336         2       640    0.5851    0.3464    0.3548    0.1151   0.05785   0.05785   0.05785
    72/399     3.75G   0.04315  0.001361  0.001984   0.09294         2       640    0.3758    0.2899    0.2426   0.07765   0.05789   0.05789   0.05789
    73/399     3.75G   0.04267   0.00135  0.001874   0.09176         2       640    0.5662    0.3498    0.3535   0.09811   0.05859   0.05859   0.05859
    74/399     3.75G   0.04266  0.001377  0.001933    0.0919         2       640    0.4434    0.3592    0.3453    0.1198   0.05294   0.05294   0.05294
    75/399     3.75G   0.04352  0.001369  0.001974   0.09366         2       640    0.4217    0.3523    0.2906   0.07698   0.05976   0.05976   0.05976
    76/399     3.75G   0.04268  0.001343  0.001986   0.09202         0       640    0.5198    0.3296     0.329   0.09767   0.05967   0.05967   0.05967
    77/399     3.75G   0.04225  0.001357  0.001893   0.09097         1       640    0.3881    0.2618    0.2252   0.06274   0.05827   0.05827   0.05827
    78/399     3.75G   0.04209  0.001325  0.001877   0.09058         0       640    0.4335    0.4188    0.3597    0.1135   0.05672   0.05672   0.05672
    79/399     3.75G   0.04314  0.001357  0.001965   0.09288         1       640    0.5604    0.3432     0.359     0.107    0.0573    0.0573    0.0573
    80/399     3.75G   0.04229  0.001351  0.001975   0.09121         3       640    0.4506    0.3865    0.3513    0.1101   0.05639   0.05639   0.05639
    81/399     3.75G   0.04238  0.001305  0.001839     0.091         1       640    0.4861    0.3211    0.3015    0.1012   0.05625   0.05625   0.05625
    82/399     3.75G   0.04233  0.001345  0.001879   0.09104         1       640    0.6217    0.3116    0.3573    0.1073   0.05616   0.05616   0.05616
    83/399     3.75G   0.04181  0.001343  0.001846   0.08996         2       640    0.5544    0.3166    0.3351    0.1068   0.05553   0.05553   0.05553
    84/399     3.75G     0.042  0.001325  0.001833   0.09025         3       640    0.5965    0.3572    0.3774    0.1233   0.05559   0.05559   0.05559
    85/399     3.75G   0.04142  0.001342  0.001724    0.0889         1       640    0.4201    0.3712    0.3385    0.1035   0.05614   0.05614   0.05614
    86/399     3.75G   0.04157  0.001336  0.001693   0.08916         2       640    0.4849    0.3266    0.3273    0.1023   0.05559   0.05559   0.05559
    87/399     3.75G   0.04134    0.0013  0.001631   0.08849         2       640    0.4995     0.364    0.3641     0.108   0.05715   0.05715   0.05715
    88/399     3.75G   0.04155  0.001371  0.001798   0.08939         1       640     0.517    0.3481    0.3398   0.09389   0.06029   0.06029   0.06029
    89/399     3.75G   0.04123  0.001264  0.001711   0.08837         2       640    0.6024    0.3232    0.3618     0.112   0.05785   0.05785   0.05785
    90/399     3.75G   0.04181  0.001315  0.001659   0.08953         2       640    0.5114    0.3377    0.3317   0.08876   0.06115   0.06115   0.06115
    91/399     3.75G   0.04121  0.001303  0.001647    0.0883         1       640     0.472    0.3716    0.3487    0.1004    0.0583    0.0583    0.0583
    92/399     3.75G   0.04064  0.001279  0.001688   0.08714         1       640    0.5368    0.3577    0.3837    0.1082   0.05674   0.05674   0.05674
    93/399     3.75G   0.04151  0.001292  0.001666   0.08891         2       640    0.4153    0.3535    0.3068   0.09345   0.05723   0.05723   0.05723
    94/399     3.75G   0.04107  0.001288  0.001625   0.08792         3       640    0.6213    0.3508    0.3843    0.1248   0.05507   0.05507   0.05507
    95/399     3.75G   0.04059  0.001295  0.001607   0.08695         1       640     0.492    0.3863    0.3933    0.1251   0.05686   0.05686   0.05686
    96/399     3.75G   0.04011  0.001288  0.001642   0.08605         2       640    0.5273    0.3414    0.3389     0.104   0.05787   0.05787   0.05787
    97/399     3.75G   0.04065  0.001285  0.001571   0.08697         1       640    0.4074    0.3803    0.3299    0.1034   0.05721   0.05721   0.05721
    98/399     3.75G   0.04012  0.001266  0.001575   0.08589         3       640    0.5352    0.3491    0.3362     0.101   0.05783   0.05783   0.05783
    99/399     3.75G   0.03977  0.001278  0.001509   0.08507         5       640    0.4506    0.4052    0.3515    0.1022   0.05844   0.05844   0.05844
   100/399     3.75G   0.04039  0.001284  0.001531   0.08638         3       640    0.5152    0.3841    0.3957    0.1173   0.05698   0.05698   0.05698
   101/399     3.75G   0.04078  0.001305  0.001599   0.08732         3       640    0.5666    0.3532    0.3837    0.1187   0.05635   0.05635   0.05635
   102/399     3.75G   0.04005  0.001258  0.001537   0.08566         1       640    0.4483    0.3656    0.3217    0.1008   0.05588   0.05588   0.05588
   103/399     3.75G   0.03997  0.001255  0.001508   0.08543         4       640    0.4864    0.3853    0.3714    0.1182   0.05626   0.05626   0.05626
   104/399     3.75G   0.03941   0.00123  0.001477   0.08421         1       640    0.3324    0.3998    0.2697   0.07495   0.06178   0.06178   0.06178
   105/399     3.75G   0.04039  0.001235  0.001421   0.08606         2       640    0.4953    0.3231    0.3363    0.1006    0.0574    0.0574    0.0574
   106/399     3.75G   0.04009  0.001259  0.001392   0.08544         1       640    0.5308     0.348    0.3693    0.1127   0.05621   0.05621   0.05621
   107/399     3.75G   0.03956  0.001255  0.001431   0.08445         2       640    0.4712    0.3999    0.3715    0.1105   0.05574   0.05574   0.05574
   108/399     3.75G   0.03952  0.001277  0.001502   0.08456         1       640    0.5219    0.4449    0.4222    0.1352   0.05304   0.05304   0.05304
   109/399     3.75G    0.0405   0.00127    0.0015    0.0865         2       640    0.5108    0.3348    0.3398   0.09726   0.05744   0.05744   0.05744
   110/399     3.75G   0.03915  0.001215  0.001375   0.08342         1       640    0.4439    0.3343    0.3147   0.09142   0.05723   0.05723   0.05723
   111/399     3.75G   0.03953  0.001243  0.001502    0.0845         4       640    0.4914    0.3809    0.3734     0.111   0.05564   0.05564   0.05564
   112/399     3.75G   0.03919  0.001249  0.001453    0.0837         3       640    0.5707    0.4046    0.3868    0.1115   0.05672   0.05672   0.05672
   113/399     3.75G   0.03933  0.001232  0.001368   0.08383         2       640    0.4979    0.4015    0.3199   0.08784   0.05935   0.05935   0.05935
   114/399     3.75G   0.03908  0.001233  0.001404   0.08339         4       640    0.4715     0.423    0.3633    0.1046   0.05665   0.05665   0.05665
   115/399     3.75G    0.0389   0.00123  0.001345   0.08287         5       640    0.5026    0.4105    0.4095    0.1234   0.05577   0.05577   0.05577
   116/399     3.75G    0.0384  0.001207  0.001342   0.08186         2       640    0.3477    0.4286    0.3273   0.09102    0.0566    0.0566    0.0566
   117/399     3.75G   0.03911  0.001249  0.001406   0.08351         2       640     0.492    0.3808    0.3533    0.1112   0.05511   0.05511   0.05511
   118/399     3.75G   0.03938  0.001255  0.001447   0.08414         1       640    0.4582    0.4157    0.3434    0.1111   0.05369   0.05369   0.05369
   119/399     3.75G   0.03891  0.001199  0.001334   0.08289         0       640    0.4198    0.4488    0.3874    0.1113   0.05519   0.05519   0.05519
   120/399     3.75G   0.03908  0.001203  0.001398   0.08332         2       640    0.4564    0.4238    0.3304    0.1061    0.0542    0.0542    0.0542
   121/399     3.75G   0.03854   0.00124  0.001292   0.08209         3       640    0.4701    0.4752    0.4373    0.1458   0.05151   0.05151   0.05151
   122/399     3.75G   0.03847  0.001175  0.001266   0.08179         3       640    0.5068    0.4026    0.3726    0.1245   0.05289   0.05289   0.05289
   123/399     3.75G   0.03875   0.00121  0.001417   0.08271         1       640    0.4894    0.4684    0.4169    0.1282   0.05376   0.05376   0.05376
   124/399     3.75G   0.03813  0.001215  0.001242   0.08113         3       640    0.4523    0.3802     0.372    0.1136   0.05576   0.05576   0.05576
   125/399     3.75G   0.03786  0.001216  0.001239   0.08058         1       640    0.4987    0.4069    0.4012    0.1321   0.05338   0.05338   0.05338
   126/399     3.75G   0.03812   0.00118   0.00125   0.08106         2       640    0.3887      0.46    0.3649    0.1203   0.05472   0.05472   0.05472
   127/399     3.75G    0.0382  0.001193  0.001223   0.08118         2       640     0.504    0.4122    0.4007    0.1343   0.05394   0.05394   0.05394
   128/399     3.75G    0.0379  0.001175   0.00127   0.08067         2       640     0.457    0.4448     0.405    0.1368   0.05327   0.05327   0.05327
   129/399     3.75G   0.03806  0.001153   0.00125   0.08088         4       640    0.5087    0.3997    0.3809    0.1177    0.0547    0.0547    0.0547
   130/399     3.75G   0.03811  0.001184   0.00132   0.08117         1       640    0.5006    0.4213    0.4102    0.1282   0.05544   0.05544   0.05544
   131/399     3.75G   0.03774  0.001169  0.001182   0.08015         2       640    0.5619    0.3656     0.397    0.1237   0.05662   0.05662   0.05662
   132/399     3.75G   0.03773  0.001211  0.001205   0.08027         3       640    0.6468    0.3798    0.4521    0.1586   0.05385   0.05385   0.05385
   133/399     3.75G   0.03789  0.001183  0.001242   0.08058         4       640    0.4859    0.3652     0.398    0.1401   0.05467   0.05467   0.05467
   134/399     3.75G   0.03758  0.001182  0.001237   0.07996         2       640    0.6074    0.3601    0.4133    0.1365   0.05691   0.05691   0.05691
   135/399     3.75G   0.03738  0.001158   0.00117   0.07937         3       640    0.5627     0.371    0.4079    0.1356   0.05549   0.05549   0.05549
   136/399     3.75G    0.0378  0.001201  0.001254   0.08048         3       640     0.624    0.3303    0.3844     0.122   0.05686   0.05686   0.05686
   137/399     3.75G    0.0376  0.001184  0.001164   0.07984         1       640    0.5167    0.3607     0.346    0.1145   0.05715   0.05715   0.05715
   138/399     3.75G   0.03799  0.001173  0.001167   0.08061         2       640    0.4246    0.4543    0.3852    0.1234   0.05484   0.05484   0.05484
   139/399     3.75G   0.03749  0.001176  0.001176   0.07964         1       640    0.5524    0.3611    0.3984    0.1243   0.05584   0.05584   0.05584
   140/399     3.75G   0.03775  0.001189   0.00122   0.08026         3       640    0.5191    0.3924    0.4087    0.1321   0.05419   0.05419   0.05419
   141/399     3.75G   0.03718  0.001208  0.001127   0.07903         0       640    0.5402    0.3601    0.3905    0.1224   0.05475   0.05475   0.05475
   142/399     3.75G   0.03738  0.001174  0.001106    0.0793         1       640    0.6026    0.3845     0.414    0.1249   0.05527   0.05527   0.05527
   143/399     3.75G   0.03692  0.001197  0.001067   0.07832         6       640    0.5551    0.3533    0.3938    0.1321   0.05409   0.05409   0.05409
   144/399     3.75G   0.03712  0.001156  0.001137   0.07878         3       640    0.4956    0.4258    0.4429     0.148   0.05491   0.05491   0.05491
   145/399     3.75G   0.03696  0.001177   0.00111   0.07847         1       640    0.5548    0.3948    0.4154    0.1326   0.05569   0.05569   0.05569
   146/399     3.75G   0.03684  0.001166  0.001149   0.07827         5       640    0.6265    0.3865    0.4467    0.1456    0.0555    0.0555    0.0555
   147/399     3.75G   0.03713  0.001146  0.001063   0.07865         2       640    0.5303    0.3795    0.4205    0.1401   0.05561   0.05561   0.05561
   148/399     3.75G   0.03677  0.001166  0.001123   0.07811         0       640    0.5522    0.4177    0.4474     0.144   0.05448   0.05448   0.05448
   149/399     3.75G   0.03696  0.001129  0.001082    0.0783         2       640    0.4726    0.4858    0.4654    0.1596   0.05265   0.05265   0.05265
   150/399     3.75G   0.03687   0.00117  0.001068   0.07816         2       640     0.549    0.3654    0.4251    0.1289   0.05434   0.05434   0.05434
   151/399     3.75G   0.03634  0.001162  0.001094   0.07716         3       640     0.502      0.41    0.4156    0.1361   0.05369   0.05369   0.05369
   152/399     3.75G   0.03686  0.001163  0.001039    0.0781         1       640    0.4633     0.427    0.4104     0.137   0.05291   0.05291   0.05291
   153/399     3.75G    0.0366  0.001156  0.001068   0.07764         0       640    0.4402    0.4631    0.4121    0.1354   0.05422   0.05422   0.05422
   154/399     3.75G    0.0365  0.001145  0.001012   0.07732         0       640     0.455    0.4308    0.4062    0.1425    0.0512    0.0512    0.0512
   155/399     3.75G   0.03679  0.001159  0.001109    0.0781         2       640    0.5203    0.4369    0.4402    0.1413   0.05369   0.05369   0.05369
   156/399     3.75G   0.03617   0.00115 0.0009855   0.07657         3       640    0.6624    0.3762    0.4448    0.1501   0.05276   0.05276   0.05276
   157/399     3.75G   0.03618  0.001153    0.0011   0.07682         3       640    0.5966    0.4322    0.4693    0.1629   0.05171   0.05171   0.05171
   158/399     3.75G   0.03605  0.001163  0.001038   0.07647         1       640    0.4746     0.427    0.4162    0.1363   0.05315   0.05315   0.05315
   159/399     3.75G   0.03678   0.00113  0.001046   0.07787         3       640    0.4855     0.442    0.4279    0.1468   0.05237   0.05237   0.05237
   160/399     3.75G   0.03689  0.001151  0.001158   0.07836         1       640    0.4891    0.4254    0.3977    0.1285   0.05471   0.05471   0.05471
   161/399     3.75G   0.03622  0.001143  0.001091   0.07686         4       640    0.4076    0.5077     0.436    0.1363   0.05378   0.05378   0.05378
   162/399     3.75G   0.03616  0.001134  0.001016   0.07659         2       640    0.4889    0.4211    0.4305    0.1401   0.05495   0.05495   0.05495
   163/399     3.75G   0.03619  0.001107 0.0009665   0.07646         3       640    0.4364    0.4796    0.3847    0.1255    0.0542    0.0542    0.0542
   164/399     3.75G   0.03592   0.00111  0.001059   0.07615         4       640    0.5173    0.4819    0.4542    0.1485   0.05337   0.05337   0.05337
   165/399     3.75G   0.03621  0.001143  0.001079   0.07682         1       640    0.5964    0.3753    0.4251     0.141   0.05335   0.05335   0.05335
   166/399     3.75G   0.03612  0.001099  0.001085   0.07658         2       640    0.4054    0.4489    0.3857    0.1252   0.05476   0.05476   0.05476
   167/399     3.75G   0.03593  0.001113  0.001027   0.07613         1       640     0.486    0.4024    0.4026    0.1253   0.05531   0.05531   0.05531
   168/399     3.75G   0.03648  0.001141  0.001089   0.07742         0       640    0.4913    0.4263    0.4309     0.142   0.05418   0.05418   0.05418
   169/399     3.75G   0.03593  0.001119  0.001013   0.07609         2       640    0.5105    0.4293    0.4305    0.1289   0.05586   0.05586   0.05586
   170/399     3.75G   0.03592  0.001107 0.0009794   0.07602         0       640    0.4842    0.4243    0.4137    0.1317   0.05453   0.05453   0.05453
   171/399     3.75G   0.03587  0.001119  0.001007   0.07597         3       640    0.6425     0.357    0.4117     0.131    0.0544    0.0544    0.0544
   172/399     3.75G   0.03587  0.001104 0.0009363   0.07582         0       640    0.5358    0.4403    0.4577    0.1457    0.0547    0.0547    0.0547
   173/399     3.75G   0.03564  0.001092 0.0009497   0.07533         1       640    0.4797    0.4617    0.4192    0.1352   0.05581   0.05581   0.05581
   174/399     3.75G   0.03572  0.001116  0.001011   0.07565         2       640    0.6407    0.4161    0.4642    0.1496   0.05334   0.05334   0.05334
   175/399     3.75G   0.03537  0.001101 0.0009098   0.07473         1       640      0.59     0.408    0.4439    0.1474   0.05361   0.05361   0.05361
   176/399     3.75G   0.03556  0.001116 0.0009553   0.07521         3       640    0.4778    0.4529    0.4286     0.148   0.05386   0.05386   0.05386
   177/399     3.75G   0.03494  0.001101 0.0009383   0.07393         2       640    0.4726    0.4433    0.4052    0.1393   0.05347   0.05347   0.05347
   178/399     3.75G   0.03528  0.001086 0.0008952   0.07448         3       640    0.5382    0.4031    0.4233    0.1397   0.05407   0.05407   0.05407
   179/399     3.75G   0.03548  0.001064 0.0009143    0.0749         2       640    0.5354    0.3931     0.404    0.1318   0.05439   0.05439   0.05439
   180/399     3.75G   0.03538  0.001087  0.001001   0.07489         1       640    0.5198    0.4288     0.424    0.1431   0.05411   0.05411   0.05411
   181/399     3.75G   0.03531  0.001114 0.0009329   0.07469         1       640    0.4869    0.4322    0.4159    0.1432    0.0538    0.0538    0.0538
   182/399     3.75G   0.03492  0.001088 0.0008593   0.07369         1       640    0.5377     0.404    0.4059    0.1348   0.05494   0.05494   0.05494
   183/399     3.75G   0.03531  0.001092 0.0009043   0.07458         2       640    0.4906    0.4371    0.4085    0.1293   0.05468   0.05468   0.05468
   184/399     3.75G    0.0349  0.001115 0.0008939   0.07378         2       640     0.534    0.4398    0.4111    0.1325   0.05478   0.05478   0.05478
   185/399     3.75G   0.03482  0.001065 0.0008919   0.07353         1       640     0.511    0.4372    0.4261    0.1416   0.05344   0.05344   0.05344
   186/399     3.75G   0.03493  0.001083 0.0008978    0.0738         2       640     0.508    0.4537    0.4498    0.1521   0.05356   0.05356   0.05356
   187/399     3.75G    0.0349   0.00108 0.0009015   0.07374         1       640    0.5398    0.3834    0.4158    0.1348   0.05425   0.05425   0.05425
   188/399     3.75G   0.03485  0.001083 0.0009064   0.07366         2       640    0.5966     0.376     0.429     0.136   0.05394   0.05394   0.05394
   189/399     3.75G   0.03443  0.001066 0.0008449   0.07268         0       640    0.7552    0.3459    0.4517    0.1448   0.05422   0.05422   0.05422
   190/399     3.75G   0.03487   0.00107 0.0009017   0.07364         3       640    0.5889    0.4436    0.4754    0.1495   0.05352   0.05352   0.05352
   191/399     3.75G   0.03494  0.001083 0.0008335   0.07367         3       640    0.4617    0.4505    0.4288    0.1374   0.05361   0.05361   0.05361
   192/399     3.75G   0.03531  0.001077 0.0008791   0.07447         2       640    0.4729    0.4062    0.3818    0.1235    0.0541    0.0541    0.0541
   193/399     3.75G   0.03437  0.001112 0.0009145   0.07276         2       640    0.4829    0.4216    0.4057    0.1335   0.05352   0.05352   0.05352
   194/399     3.75G   0.03469  0.001091 0.0008673   0.07328         3       640    0.5172    0.4086    0.4296      0.14   0.05373   0.05373   0.05373
   195/399     3.75G   0.03409  0.001038 0.0008206   0.07186         2       640    0.6992    0.3509    0.4464    0.1479   0.05406   0.05406   0.05406
   196/399     3.75G   0.03511  0.001123 0.0009091   0.07425         2       640    0.6546    0.3563    0.4393     0.142   0.05498   0.05498   0.05498
   197/399     3.75G   0.03435  0.001071 0.0008263    0.0725         0       640    0.4444    0.4854    0.4219    0.1389   0.05398   0.05398   0.05398
   198/399     3.75G   0.03407  0.001063 0.0008487   0.07193         1       640    0.5398    0.3894    0.4086    0.1309    0.0546    0.0546    0.0546
   199/399     3.75G   0.03426  0.001066 0.0008227   0.07227         1       640     0.471    0.4321     0.395     0.123   0.05497   0.05497   0.05497
   200/399     3.75G    0.0341   0.00106 0.0008432   0.07198         1       640    0.5034    0.4299    0.4131    0.1314   0.05514   0.05514   0.05514
   201/399     3.75G    0.0344   0.00107 0.0008299   0.07257         3       640    0.5029    0.4453    0.4351    0.1413   0.05459   0.05459   0.05459
   202/399     3.75G   0.03476  0.001086 0.0008409   0.07335         2       640    0.5174    0.4029    0.4181    0.1355   0.05478   0.05478   0.05478
   203/399     3.75G   0.03385   0.00105 0.0008003   0.07136         4       640    0.5016    0.4268    0.4205    0.1377   0.05412   0.05412   0.05412
   204/399     3.75G   0.03447  0.001071 0.0008138   0.07267         4       640    0.5279    0.4709    0.4612    0.1541   0.05294   0.05294   0.05294
   205/399     3.75G   0.03397  0.001061 0.0008691   0.07176         2       640     0.554    0.4375    0.4789    0.1672   0.05208   0.05208   0.05208
   206/399     3.75G    0.0339  0.001041 0.0008028    0.0715         0       640    0.5494     0.442    0.4839    0.1671   0.05213   0.05213   0.05213
   207/399     3.75G   0.03377  0.001053 0.0008358   0.07129         3       640    0.4967    0.4895    0.4816    0.1641   0.05366   0.05366   0.05366
   208/399     3.75G   0.03416  0.001083 0.0008898   0.07222         1       640    0.6543    0.4114    0.4693    0.1622   0.05248   0.05248   0.05248
   209/399     3.75G    0.0333  0.001015 0.0007425   0.07007         5       640    0.5604    0.4402    0.4665    0.1603   0.05228   0.05228   0.05228
   210/399     3.75G   0.03417  0.001049 0.0007672   0.07194         1       640    0.4848    0.4579    0.4246    0.1486   0.05243   0.05243   0.05243
   211/399     3.75G   0.03363  0.001042  0.000728   0.07079         1       640    0.5577    0.4401    0.4503     0.162   0.05104   0.05104   0.05104
   212/399     3.75G   0.03351   0.00106  0.000727   0.07058         1       640    0.6022    0.4267     0.477     0.162   0.05218   0.05218   0.05218
   213/399     3.75G   0.03394  0.001059 0.0007565   0.07149         1       640    0.5301    0.4647    0.4747    0.1595   0.05226   0.05226   0.05226
   214/399     3.75G   0.03396  0.001037 0.0008203   0.07161         3       640    0.5654    0.4357    0.4734    0.1641   0.05215   0.05215   0.05215
   215/399     3.75G   0.03413  0.001069 0.0007808   0.07192         4       640    0.6112      0.39    0.4589    0.1554   0.05343   0.05343   0.05343
   216/399     3.75G   0.03375  0.001023 0.0007501   0.07102         2       640    0.5697    0.3912    0.4476    0.1549   0.05302   0.05302   0.05302
   217/399     3.75G   0.03356  0.001004 0.0007472    0.0706         2       640    0.5311    0.4393    0.4753    0.1625    0.0525    0.0525    0.0525
   218/399     3.75G   0.03381   0.00106 0.0007674   0.07121         2       640    0.7082    0.3848    0.4751    0.1709   0.05164   0.05164   0.05164
   219/399     3.75G    0.0332  0.001055 0.0007444   0.06995         4       640     0.658    0.4209     0.493      0.18   0.05104   0.05104   0.05104
   220/399     3.75G   0.03401  0.001043 0.0008128   0.07172         1       640     0.617     0.426    0.4734    0.1715    0.0508    0.0508    0.0508
   221/399     3.75G   0.03325  0.001052 0.0007207      0.07         4       640    0.4817    0.4936     0.457     0.165   0.05086   0.05086   0.05086
   222/399     3.75G   0.03369  0.001044 0.0007813   0.07098         2       640    0.5286    0.4445    0.4554    0.1605   0.05265   0.05265   0.05265
   223/399     3.75G   0.03312  0.001025 0.0008004   0.06985         1       640    0.5254    0.4654    0.4607    0.1566   0.05383   0.05383   0.05383
   224/399     3.75G   0.03381   0.00107 0.0008224   0.07137         1       640    0.5972    0.3887    0.4309    0.1498   0.05353   0.05353   0.05353
   225/399     3.75G   0.03318  0.001015 0.0008107   0.06997         1       640    0.5682    0.4529    0.4662    0.1588    0.0532    0.0532    0.0532
   226/399     3.75G   0.03325  0.001047 0.0007416   0.07007         2       640    0.6824    0.3912    0.4752     0.166   0.05219   0.05219   0.05219
   227/399     3.75G   0.03346  0.001048 0.0007742   0.07057         0       640    0.6762    0.3906     0.484    0.1736   0.05121   0.05121   0.05121
   228/399     3.75G   0.03255 0.0009889 0.0006433   0.06835         1       640    0.6787    0.3931    0.4807    0.1749   0.05186   0.05186   0.05186
   229/399     3.75G   0.03298  0.001023 0.0007051   0.06941         0       640    0.4775    0.5102    0.4667    0.1673   0.05202   0.05202   0.05202
   230/399     3.75G    0.0336  0.001023 0.0007231   0.07067         2       640    0.5661    0.4455    0.4661    0.1655   0.05188   0.05188   0.05188
   231/399     3.75G   0.03279   0.00101 0.0006573   0.06889         4       640     0.636    0.4432    0.4856    0.1732    0.0513    0.0513    0.0513
   232/399     3.75G   0.03284  0.001033 0.0007336   0.06922         0       640    0.6112    0.4399    0.4622    0.1631   0.05145   0.05145   0.05145
   233/399     3.75G   0.03293  0.001025 0.0006563   0.06915         4       640    0.5764    0.4374    0.4568    0.1624   0.05165   0.05165   0.05165
   234/399     3.75G    0.0331  0.001032   0.00068    0.0696         1       640    0.6091    0.4188    0.4541    0.1582   0.05225   0.05225   0.05225
   235/399     3.75G   0.03285  0.001017 0.0007078   0.06913         2       640    0.5622    0.4166    0.4403     0.153   0.05202   0.05202   0.05202
   236/399     3.75G   0.03252  0.001007  0.000665   0.06839         0       640    0.6188    0.4087     0.456    0.1592   0.05156   0.05156   0.05156
   237/399     3.75G   0.03312  0.001028  0.000689   0.06966         1       640    0.6638    0.4089    0.4805     0.171   0.05134   0.05134   0.05134
   238/399     3.75G   0.03272   0.00101  0.000754   0.06891         4       640    0.5329    0.4719    0.4802    0.1676   0.05167   0.05167   0.05167
   239/399     3.75G   0.03302  0.001044 0.0006956   0.06949         1       640     0.561    0.4478    0.4704    0.1719   0.05162   0.05162   0.05162
   240/399     3.75G   0.03267  0.001028 0.0007225   0.06883         1       640    0.6323    0.4117    0.4632    0.1622   0.05135   0.05135   0.05135
   241/399     3.75G   0.03269  0.001021 0.0006336   0.06863         4       640    0.6337    0.4027    0.4578    0.1608   0.05133   0.05133   0.05133
   242/399     3.75G   0.03332  0.001018 0.0007166   0.07008         3       640    0.6817    0.4195    0.4815    0.1694   0.05135   0.05135   0.05135
   243/399     3.75G   0.03275  0.001021 0.0007414   0.06899         1       640    0.6292    0.4189    0.4748    0.1667   0.05116   0.05116   0.05116
   244/399     3.75G   0.03302  0.001024 0.0007325   0.06952         5       640     0.684    0.3904    0.4663    0.1638   0.05099   0.05099   0.05099
   245/399     3.75G   0.03255  0.001009 0.0007109   0.06851         4       640     0.597    0.4241    0.4662    0.1613    0.0514    0.0514    0.0514
   246/399     3.75G    0.0325 0.0009872 0.0007346    0.0684         1       640    0.6198    0.4233    0.4788    0.1677   0.05162   0.05162   0.05162
   247/399     3.75G   0.03218  0.001015 0.0006655   0.06768         3       640    0.6753    0.4085     0.476    0.1653   0.05171   0.05171   0.05171
   248/399     3.75G   0.03255  0.001002 0.0006764   0.06843         2       640    0.6595     0.424    0.4896    0.1666   0.05187   0.05187   0.05187
   249/399     3.75G   0.03281  0.001013 0.0006995   0.06901         2       640    0.7221     0.401    0.4816    0.1661   0.05209   0.05209   0.05209
   250/399     3.75G   0.03241 0.0009984 0.0006968   0.06817         4       640    0.6284    0.4187    0.4742    0.1638   0.05227   0.05227   0.05227
   251/399     3.75G   0.03278  0.001042 0.0007092   0.06904         2       640    0.5377    0.4477    0.4634    0.1608   0.05227   0.05227   0.05227
   252/399     3.75G   0.03202 0.0009889 0.0006686   0.06733         2       640     0.686     0.372    0.4601    0.1595   0.05278   0.05278   0.05278
   253/399     3.75G   0.03245  0.001015  0.000713    0.0683         2       640    0.6849    0.3881    0.4691    0.1646   0.05266   0.05266   0.05266
   254/399     3.75G   0.03188  0.001005 0.0007055   0.06717         0       640    0.6549     0.409    0.4758    0.1678   0.05242   0.05242   0.05242
   255/399     3.75G   0.03253  0.001002 0.0007488   0.06853         2       640    0.7077     0.388    0.4738    0.1663   0.05257   0.05257   0.05257
   256/399     3.75G   0.03207 0.0009862 0.0006299   0.06733         2       640    0.6851    0.3855    0.4691    0.1645   0.05238   0.05238   0.05238
   257/399     3.75G   0.03216 0.0009803 0.0005885   0.06744         1       640    0.7203    0.3775     0.465    0.1634   0.05261   0.05261   0.05261
   258/399     3.75G   0.03192 0.0009989 0.0006464   0.06714         0       640    0.5723    0.4221    0.4498    0.1593   0.05265   0.05265   0.05265
   259/399     3.75G   0.03228  0.001003 0.0006347   0.06778         1       640    0.5763    0.4194    0.4543    0.1628   0.05208   0.05208   0.05208
   260/399     3.75G   0.03198  0.001012 0.0006193   0.06719         3       640    0.5621    0.4375    0.4667    0.1621   0.05266   0.05266   0.05266
   261/399     3.75G   0.03205  0.001017 0.0006823   0.06746         1       640    0.6426    0.4117    0.4794    0.1662   0.05306   0.05306   0.05306
   262/399     3.75G   0.03196 0.0009827 0.0005931   0.06706         1       640    0.5621    0.4479    0.4708    0.1615   0.05347   0.05347   0.05347
   263/399     3.75G   0.03191  0.001007 0.0006078   0.06705         0       640    0.6164    0.4143    0.4587    0.1628   0.05322   0.05322   0.05322
   264/399     3.75G   0.03186 0.0009893  0.000673     0.067         3       640    0.6823    0.3988     0.458    0.1598   0.05334   0.05334   0.05334
   265/399     3.75G   0.03181  0.001007 0.0006648   0.06694         2       640    0.6695    0.3988    0.4465     0.156   0.05299   0.05299   0.05299
   266/399     3.75G   0.03182  0.001005 0.0006058   0.06683         1       640    0.6739    0.3808    0.4425     0.154   0.05291   0.05291   0.05291
   267/399     3.75G   0.03135 0.0009938 0.0006265   0.06591         5       640    0.6659    0.3915    0.4462    0.1576   0.05254   0.05254   0.05254
   268/399     3.75G   0.03168  0.000983 0.0006523   0.06659         7       640    0.6179    0.4069    0.4406    0.1551   0.05293   0.05293   0.05293
   269/399     3.75G   0.03158  0.001013  0.000619    0.0664         1       640    0.6833    0.3942    0.4571    0.1577    0.0532    0.0532    0.0532
   270/399     3.75G   0.03182 0.0009878  0.000641   0.06688         1       640    0.7076    0.3835    0.4621    0.1594     0.053     0.053     0.053
   271/399     3.75G   0.03155 0.0009947  0.000615   0.06628         3       640    0.7105    0.3886    0.4715    0.1629   0.05246   0.05246   0.05246
   272/399     3.75G   0.03191 0.0009726  0.000614     0.067         0       640    0.6753    0.3989    0.4747    0.1662   0.05253   0.05253   0.05253
   273/399     3.75G   0.03188 0.0009964  0.000636   0.06698         1       640     0.619    0.4165    0.4635    0.1608    0.0526    0.0526    0.0526
   274/399     3.75G   0.03165  0.000976 0.0006045   0.06639         1       640    0.6471    0.3985    0.4461    0.1575   0.05252   0.05252   0.05252
   275/399     3.75G   0.03134 0.0009644 0.0005701   0.06572         3       640    0.6576    0.4013    0.4459    0.1553    0.0524    0.0524    0.0524
   276/399     3.75G   0.03159  0.001006 0.0006583   0.06647         2       640    0.6587     0.401    0.4394    0.1552   0.05245   0.05245   0.05245
   277/399     3.75G   0.03147 0.0009716 0.0006468   0.06615         3       640    0.7108    0.3687    0.4373    0.1526   0.05245   0.05245   0.05245
   278/399     3.75G   0.03167 0.0009618 0.0005599   0.06637         1       640    0.6009    0.4117    0.4523     0.155   0.05246   0.05246   0.05246
   279/399     3.75G   0.03112 0.0009709 0.0005714   0.06529         1       640    0.6662    0.3985     0.468     0.161   0.05255   0.05255   0.05255
   280/399     3.75G   0.03177 0.0009754 0.0006126    0.0667         3       640    0.7104    0.3878     0.471    0.1649   0.05265   0.05265   0.05265
   281/399     3.75G   0.03188 0.0009805 0.0006414   0.06696         1       640    0.6831    0.4108    0.4817    0.1642   0.05212   0.05212   0.05212
   282/399     3.75G   0.03096 0.0009585 0.0005698   0.06496         2       640    0.7345    0.3825    0.4738     0.168   0.05211   0.05211   0.05211
   283/399     3.75G   0.03135 0.0009792 0.0006507   0.06593         1       640    0.7426    0.3777    0.4804    0.1714   0.05174   0.05174   0.05174
   284/399     3.75G   0.03197  0.001002 0.0006181   0.06717         3       640    0.6816    0.3983     0.479    0.1726   0.05172   0.05172   0.05172
   285/399     3.75G   0.03094 0.0009763  0.000603   0.06501         2       640    0.6754    0.4058    0.4737    0.1698   0.05206   0.05206   0.05206
   286/399     3.75G   0.03111 0.0009844 0.0005888   0.06533         2       640    0.6732    0.4006    0.4728    0.1695   0.05196   0.05196   0.05196
   287/399     3.75G   0.03106 0.0009666 0.0006273   0.06528         1       640    0.6234    0.4134    0.4681    0.1666   0.05205   0.05205   0.05205
   288/399     3.75G     0.031 0.0009775  0.000575   0.06507         3       640    0.6277    0.4185    0.4724    0.1702   0.05175   0.05175   0.05175
   289/399     3.75G   0.03121 0.0009652 0.0005587   0.06541         1       640    0.6735    0.4007    0.4682    0.1721   0.05185   0.05185   0.05185
   290/399     3.75G   0.03151  0.000971 0.0006446   0.06618         8       640    0.6672    0.4035     0.463    0.1693   0.05175   0.05175   0.05175
   291/399     3.75G   0.03125 0.0009709 0.0006001   0.06561         2       640    0.6939    0.4062    0.4648    0.1682   0.05157   0.05157   0.05157
   292/399     3.75G   0.03059 0.0009591 0.0005524   0.06419         1       640    0.7144    0.4062    0.4769    0.1709   0.05161   0.05161   0.05161
   293/399     3.75G   0.03081 0.0009411 0.0006113   0.06469         3       640    0.7221    0.4116    0.4774    0.1715   0.05154   0.05154   0.05154
   294/399     3.75G   0.03091 0.0009393 0.0005832    0.0648         2       640    0.7275       0.4     0.472    0.1709   0.05171   0.05171   0.05171
   295/399     3.75G   0.03105 0.0009734 0.0006131   0.06525         2       640    0.7104    0.4168     0.469    0.1673   0.05204   0.05204   0.05204
   296/399     3.75G   0.03124 0.0009979 0.0005534   0.06558         0       640    0.7039    0.4115    0.4692    0.1687   0.05188   0.05188   0.05188
   297/399     3.75G   0.03061 0.0009526 0.0005658   0.06426         0       640     0.719     0.404     0.471    0.1671   0.05181   0.05181   0.05181
   298/399     3.75G   0.03059 0.0009636 0.0005728   0.06424         1       640    0.7146    0.4003    0.4706    0.1653   0.05171   0.05171   0.05171
   299/399     3.75G   0.03076 0.0009415 0.0006199   0.06462         2       640    0.6947    0.3962    0.4653    0.1632   0.05145   0.05145   0.05145
   300/399     3.75G   0.03124 0.0009456  0.000583   0.06551         1       640    0.6639    0.4094    0.4642     0.167   0.05132   0.05132   0.05132
   301/399     3.75G   0.03085 0.0009307 0.0005154   0.06456         1       640    0.6573    0.3959    0.4586     0.165   0.05149   0.05149   0.05149
   302/399     3.75G   0.03057 0.0009449  0.000539   0.06407         2       640    0.5941    0.4117    0.4533    0.1644   0.05138   0.05138   0.05138
   303/399     3.75G   0.03027 0.0009453  0.000629   0.06366         1       640    0.6311    0.4044    0.4538    0.1619   0.05164   0.05164   0.05164
   304/399     3.75G   0.03083 0.0009469 0.0005664   0.06466         3       640    0.6326    0.4174    0.4602    0.1661   0.05166   0.05166   0.05166
   305/399     3.75G   0.03031 0.0009403 0.0005883   0.06365         1       640    0.6601    0.4097    0.4695    0.1661   0.05143   0.05143   0.05143
   306/399     3.75G   0.03066 0.0009656 0.0005828   0.06439         2       640    0.6675    0.4044    0.4603    0.1639   0.05162   0.05162   0.05162
   307/399     3.75G   0.03055   0.00094 0.0005377   0.06403         2       640    0.7024    0.3964    0.4651    0.1666   0.05186   0.05186   0.05186
   308/399     3.75G   0.03076 0.0009457 0.0005567   0.06449         1       640    0.6344    0.4179    0.4678    0.1676   0.05202   0.05202   0.05202
   309/399     3.75G   0.03066 0.0009865 0.0005892   0.06445         4       640    0.6573    0.4096    0.4655    0.1635    0.0523    0.0523    0.0523
   310/399     3.75G   0.02993 0.0009433  0.000517   0.06276         1       640    0.6524    0.4094    0.4689    0.1671   0.05206   0.05206   0.05206
   311/399     3.75G   0.03009 0.0009507 0.0004906   0.06303         2       640     0.629    0.4242    0.4688    0.1677   0.05209   0.05209   0.05209
   312/399     3.75G   0.03003 0.0009358   0.00052   0.06297         0       640    0.6472    0.4171    0.4727    0.1679   0.05197   0.05197   0.05197
   313/399     3.75G   0.03032 0.0009372  0.000559   0.06361         6       640    0.6312    0.4212    0.4731    0.1671    0.0519    0.0519    0.0519
   314/399     3.75G   0.03001 0.0009196 0.0005108   0.06285         1       640    0.6595    0.4094    0.4688    0.1677   0.05184   0.05184   0.05184
   315/399     3.75G   0.03021 0.0009625 0.0005515   0.06343         2       640    0.6374    0.4096    0.4667    0.1664   0.05187   0.05187   0.05187
   316/399     3.75G   0.03053 0.0009488 0.0005634   0.06405         1       640    0.6265    0.4091    0.4624    0.1659   0.05191   0.05191   0.05191
   317/399     3.75G    0.0302 0.0009327 0.0005804   0.06341         2       640    0.6179    0.4071     0.468    0.1663   0.05218   0.05218   0.05218
   318/399     3.75G      0.03 0.0009239 0.0005357   0.06291         1       640    0.6428    0.3966    0.4638    0.1661   0.05234   0.05234   0.05234
   319/399     3.75G   0.03009 0.0009385 0.0005648   0.06316         3       640    0.6525    0.4017    0.4621     0.165   0.05244   0.05244   0.05244
   320/399     3.75G   0.03067 0.0009651 0.0005438   0.06434         5       640    0.6196    0.4141    0.4602    0.1639   0.05252   0.05252   0.05252
   321/399     3.75G   0.03062 0.0009317 0.0005987   0.06428         2       640    0.6097    0.4146    0.4581    0.1624   0.05264   0.05264   0.05264
   322/399     3.75G   0.02997 0.0009411 0.0005696   0.06293         2       640     0.617    0.4087    0.4597     0.165   0.05253   0.05253   0.05253
   323/399     3.75G   0.03038 0.0009552 0.0005499   0.06376         1       640    0.6373    0.4043    0.4604    0.1637   0.05259   0.05259   0.05259
   324/399     3.75G   0.02979 0.0009494 0.0005143   0.06249         2       640    0.6226    0.4121    0.4627     0.163   0.05258   0.05258   0.05258
   325/399     3.75G   0.02976 0.0009361 0.0004946   0.06237         1       640    0.6395     0.407    0.4631    0.1623   0.05259   0.05259   0.05259
   326/399     3.75G   0.02974 0.0009283 0.0004895   0.06229         1       640     0.644    0.4087    0.4635    0.1615    0.0526    0.0526    0.0526
   327/399     3.75G   0.03034 0.0009153 0.0005943   0.06368         2       640    0.6475    0.4097     0.464    0.1619   0.05253   0.05253   0.05253
   328/399     3.75G   0.03001 0.0009407 0.0006315   0.06315         1       640    0.6566    0.4071    0.4641    0.1623    0.0526    0.0526    0.0526
   329/399     3.75G   0.03007 0.0009462 0.0005207   0.06303         4       640    0.6617    0.4095    0.4613    0.1619   0.05265   0.05265   0.05265
   330/399     3.75G   0.03011 0.0009442 0.0005811   0.06326         1       640    0.6391    0.4123      0.46    0.1628   0.05259   0.05259   0.05259
   331/399     3.75G   0.02992 0.0009233 0.0005456   0.06274         3       640    0.6389    0.4065    0.4609    0.1612   0.05277   0.05277   0.05277
   332/399     3.75G      0.03 0.0009387 0.0005068   0.06287         3       640    0.6267    0.4093    0.4612    0.1609   0.05285   0.05285   0.05285
   333/399     3.75G   0.02984 0.0008937 0.0004122   0.06226         4       640    0.6314     0.409    0.4623    0.1623   0.05281   0.05281   0.05281
   334/399     3.75G   0.02939 0.0008827  0.000439    0.0614         3       640     0.635    0.4067    0.4622    0.1624   0.05272   0.05272   0.05272
   335/399     3.75G   0.02997 0.0009325 0.0004812   0.06276         1       640     0.632    0.4059    0.4602    0.1612    0.0528    0.0528    0.0528
   336/399     3.75G   0.02945 0.0009403 0.0004882   0.06175         1       640    0.6405    0.4025    0.4616    0.1613   0.05271   0.05271   0.05271
   337/399     3.75G   0.02984 0.0009175 0.0005667   0.06263         2       640    0.6352    0.3986    0.4596    0.1588   0.05283   0.05283   0.05283
   338/399     3.75G   0.02947 0.0009162  0.000466   0.06169         1       640    0.6088     0.409    0.4602    0.1595   0.05281   0.05281   0.05281
   339/399     3.75G   0.02963  0.000927 0.0005478   0.06218         2       640    0.5989     0.416     0.466    0.1606   0.05275   0.05275   0.05275
   340/399     3.75G   0.02996 0.0009248 0.0005326    0.0628         3       640     0.577    0.4202    0.4586    0.1604   0.05276   0.05276   0.05276
   341/399     3.75G   0.03005 0.0009377 0.0004701    0.0629         2       640    0.5874    0.4137    0.4579    0.1592   0.05263   0.05263   0.05263
   342/399     3.75G   0.02955 0.0009138 0.0005095    0.0619         1       640    0.6178    0.3995    0.4593    0.1594   0.05261   0.05261   0.05261
   343/399     3.75G   0.02997 0.0009478 0.0005349    0.0629         0       640    0.6034    0.4013    0.4544    0.1605   0.05253   0.05253   0.05253
   344/399     3.75G   0.02948 0.0009072 0.0005616   0.06187         1       640    0.6046    0.4016    0.4531    0.1578   0.05258   0.05258   0.05258
   345/399     3.75G   0.02932 0.0009138 0.0004814   0.06142         1       640    0.6287    0.3874     0.453    0.1577    0.0525    0.0525    0.0525
   346/399     3.75G   0.02991 0.0009236 0.0005714   0.06279         5       640    0.5894    0.4068     0.457     0.159    0.0524    0.0524    0.0524
   347/399     3.75G   0.02966 0.0009184 0.0004988   0.06209         7       640    0.6297    0.3906    0.4551    0.1588   0.05249   0.05249   0.05249
   348/399     3.75G   0.02912 0.0008992 0.0005005     0.061         3       640     0.659    0.3809    0.4558    0.1575   0.05247   0.05247   0.05247
   349/399     3.75G    0.0297 0.0009433 0.0005315   0.06232         2       640    0.6492    0.3883    0.4569    0.1574   0.05254   0.05254   0.05254
   350/399     3.75G   0.03003 0.0009368 0.0005827   0.06307         1       640    0.6486    0.3859    0.4589    0.1591   0.05245   0.05245   0.05245
   351/399     3.75G   0.02902 0.0009052 0.0004387   0.06071         3       640    0.6344    0.3859    0.4556    0.1603   0.05243   0.05243   0.05243
   352/399     3.75G    0.0296 0.0009331 0.0005042   0.06204         1       640    0.5695     0.419    0.4574    0.1598   0.05245   0.05245   0.05245
   353/399     3.75G   0.02969 0.0009059 0.0005272   0.06221         2       640    0.6467    0.3882    0.4568    0.1605   0.05238   0.05238   0.05238
   354/399     3.75G   0.02963  0.000925 0.0004451   0.06198         1       640    0.5878    0.4167    0.4582    0.1613   0.05231   0.05231   0.05231
   355/399     3.75G   0.02932 0.0009266 0.0004567    0.0614         0       640    0.5917    0.4123    0.4575     0.163   0.05223   0.05223   0.05223
   356/399     3.75G   0.02949 0.0009296 0.0004579   0.06175         4       640    0.5965    0.4113    0.4605    0.1638   0.05214   0.05214   0.05214
   357/399     3.75G   0.02981 0.0009026 0.0004987   0.06241         2       640    0.5944    0.4116    0.4617    0.1644    0.0521    0.0521    0.0521
   358/399     3.75G   0.02901 0.0009204 0.0004912   0.06081         3       640    0.5942    0.4116    0.4601    0.1636    0.0523    0.0523    0.0523
   359/399     3.75G    0.0297  0.000913 0.0004967   0.06221         0       640    0.5928    0.4116    0.4577    0.1633   0.05232   0.05232   0.05232
   360/399     3.75G   0.02917 0.0008966 0.0004776   0.06108         0       640    0.5958     0.401    0.4552    0.1638   0.05234   0.05234   0.05234
   361/399     3.75G   0.02958 0.0009251 0.0004795   0.06195         3       640    0.4943    0.4733    0.4574    0.1651   0.05228   0.05228   0.05228
   362/399     3.75G   0.02914   0.00093 0.0005241   0.06118         0       640    0.5182    0.4586     0.463    0.1659   0.05227   0.05227   0.05227
   363/399     3.75G   0.02893 0.0008827 0.0005037   0.06061         3       640    0.5846     0.422    0.4693    0.1657   0.05241   0.05241   0.05241
   364/399     3.75G   0.02948 0.0009012 0.0005111   0.06175         3       640    0.5091    0.4742    0.4692    0.1644   0.05252   0.05252   0.05252
   365/399     3.75G   0.02926 0.0009357 0.0004775   0.06131         1       640     0.576    0.4301    0.4712    0.1647   0.05248   0.05248   0.05248
   366/399     3.75G   0.02882  0.000886  0.000489   0.06037         1       640    0.5756    0.4353    0.4703    0.1628   0.05253   0.05253   0.05253
   367/399     3.75G   0.02955 0.0009381 0.0005396   0.06204         1       640    0.5941    0.4275    0.4701     0.162   0.05247   0.05247   0.05247
   368/399     3.75G   0.02899  0.000867 0.0005083   0.06073         0       640    0.5867    0.4328    0.4708    0.1635   0.05248   0.05248   0.05248
   369/399     3.75G   0.02912 0.0009049 0.0005023   0.06101         2       640    0.5907    0.4328      0.47     0.162   0.05251   0.05251   0.05251
   370/399     3.75G   0.02875 0.0009071  0.000439   0.06015         2       640    0.6046    0.4257     0.471    0.1613   0.05257   0.05257   0.05257
   371/399     3.75G   0.02876 0.0009143 0.0004564   0.06021         6       640    0.6077    0.4274    0.4769    0.1617   0.05258   0.05258   0.05258
   372/399     3.75G   0.02926 0.0009239 0.0005369    0.0614         2       640    0.6176    0.4251    0.4765    0.1622   0.05252   0.05252   0.05252
   373/399     3.75G   0.02898 0.0009351 0.0004841   0.06076         4       640    0.6045    0.4302    0.4775    0.1625   0.05257   0.05257   0.05257
   374/399     3.75G   0.02924 0.0009107 0.0004854   0.06125         2       640    0.6074    0.4302    0.4772    0.1632   0.05251   0.05251   0.05251
   375/399     3.75G    0.0293 0.0008972 0.0005152   0.06139         4       640     0.608    0.4301    0.4792    0.1643   0.05247   0.05247   0.05247
   376/399     3.75G   0.02923 0.0009124 0.0004586   0.06116         6       640    0.6096    0.4329    0.4789    0.1645    0.0525    0.0525    0.0525
   377/399     3.75G   0.02921 0.0009068 0.0004959   0.06117         1       640    0.6158    0.4302    0.4779    0.1635   0.05259   0.05259   0.05259
   378/399     3.75G   0.02918  0.000919 0.0004959   0.06117         4       640    0.6143    0.4304    0.4784    0.1629   0.05264   0.05264   0.05264
   379/399     3.75G    0.0294 0.0008999 0.0005322   0.06164         1       640    0.6055    0.4304    0.4787    0.1629   0.05266   0.05266   0.05266
   380/399     3.75G   0.02904 0.0008968 0.0004973   0.06085         1       640    0.6051    0.4352    0.4775    0.1629   0.05261   0.05261   0.05261
   381/399     3.75G   0.02884 0.0009093 0.0004747   0.06044         0       640    0.6044    0.4328    0.4703    0.1618   0.05265   0.05265   0.05265
   382/399     3.75G   0.02888 0.0009165 0.0004604   0.06051         1       640    0.6025    0.4272    0.4687    0.1611   0.05263   0.05263   0.05263
   383/399     3.75G   0.02911 0.0009154 0.0005131   0.06105         1       640     0.585    0.4299    0.4647    0.1601   0.05266   0.05266   0.05266
   384/399     3.75G   0.02914 0.0008868 0.0004705   0.06097         1       640      0.59    0.4248    0.4633    0.1597   0.05271   0.05271   0.05271
   385/399     3.75G   0.02883 0.0008838 0.0004717   0.06026         1       640    0.5967    0.4221     0.463    0.1597    0.0527    0.0527    0.0527
   386/399     3.75G   0.02895 0.0009019 0.0004763   0.06061         1       640     0.597    0.4222    0.4626    0.1587   0.05272   0.05272   0.05272
   387/399     3.75G   0.02899 0.0008961 0.0004827   0.06072         1       640    0.5889    0.4222    0.4617    0.1577   0.05277   0.05277   0.05277
   388/399     3.75G   0.02947 0.0009513 0.0005312   0.06189         2       640    0.6575    0.3861    0.4581    0.1572   0.05279   0.05279   0.05279
   389/399     3.75G   0.02883 0.0009134 0.0005142   0.06052         0       640    0.5639    0.4249    0.4558    0.1563   0.05287   0.05287   0.05287
   390/399     3.75G    0.0285 0.0008942 0.0004828   0.05972         1       640    0.6624    0.3806    0.4559    0.1567   0.05292   0.05292   0.05292
   391/399     3.75G   0.02892 0.0009006 0.0004331   0.06048         1       640    0.6704    0.3781    0.4545    0.1557   0.05292   0.05292   0.05292
   392/399     3.75G   0.02873 0.0009223 0.0005356   0.06035         2       640    0.6599    0.3803     0.452    0.1553   0.05296   0.05296   0.05296
   393/399     3.75G   0.02854 0.0008897 0.0004813   0.05981         3       640    0.5673    0.4218     0.453     0.157   0.05298   0.05298   0.05298
   394/399     3.75G   0.02926 0.0009362 0.0005193   0.06143         0       640    0.6554    0.3832     0.453    0.1576   0.05293   0.05293   0.05293
   395/399     3.75G   0.02897 0.0009006 0.0004661   0.06064         4       640    0.6651    0.3796    0.4525    0.1576   0.05291   0.05291   0.05291
   396/399     3.75G   0.02869 0.0009179   0.00046   0.06012         1       640    0.5916    0.4119    0.4527    0.1577   0.05288   0.05288   0.05288
   397/399     3.75G   0.02918 0.0009143 0.0004619   0.06108         3       640    0.5967    0.4146    0.4572    0.1581   0.05277   0.05277   0.05277
   398/399     3.75G   0.02908 0.0009208 0.0005589   0.06108         4       640    0.6007     0.412    0.4579    0.1584    0.0527    0.0527    0.0527
   399/399     3.75G   0.02853 0.0008956 0.0005036   0.05981         2       640    0.6521    0.3859    0.4567    0.1579   0.05267   0.05267   0.05267
