     0/299     4.32G   0.09654   0.03734   0.02712     0.322         3       640         0         0         0         0   0.08068   0.08068   0.08068
     1/299     3.67G   0.08288   0.03954   0.02524    0.2953         2       640  0.001346   0.03652 0.0002389 4.797e-05   0.07191   0.07191   0.07191
     2/299     3.67G   0.07912   0.03686   0.02367    0.2793         2       640 0.0007728   0.02528 0.0004919  7.38e-05   0.07518   0.07518   0.07518
     3/299     3.67G   0.07509   0.03385   0.02262    0.2631         2       640    0.1286   0.09479    0.0243  0.006524   0.06881   0.06881   0.06881
     4/299     3.67G      0.07   0.03099   0.02018    0.2423         3       640    0.1139    0.1571   0.04572   0.01213   0.06958   0.06958   0.06958
     5/299     3.67G   0.06734    0.0286   0.01746    0.2268         7       640    0.3171    0.1392    0.1117   0.03566   0.06309   0.06309   0.06309
     6/299     3.67G   0.06369   0.02557   0.01551    0.2095         5       640    0.2283    0.1982    0.1518   0.04129   0.07117   0.07117   0.07117
     7/299     3.67G   0.06098   0.02359   0.01462    0.1984         2       640    0.5605    0.3196    0.3074   0.08743   0.06118   0.06118   0.06118
     8/299     3.67G   0.06014   0.02215   0.01234    0.1893         6       640    0.4505      0.26     0.268   0.09915   0.05691   0.05691   0.05691
     9/299     3.67G   0.05764   0.02109   0.01113    0.1797         6       640     0.575    0.3167    0.3129   0.07781   0.06335   0.06335   0.06335
    10/299     3.67G   0.05677   0.02026   0.01064    0.1753         5       640    0.5085    0.3781    0.3555    0.1304   0.05702   0.05702   0.05702
    11/299     3.67G   0.05521   0.01987  0.009047    0.1683         6       640    0.4135    0.3914    0.3509    0.1088   0.06057   0.06057   0.06057
    12/299     3.67G   0.05357    0.0195  0.008351    0.1629         3       640    0.5733    0.4272    0.4236     0.153   0.05301   0.05301   0.05301
    13/299     3.67G   0.05252   0.01798  0.007342    0.1557         6       640    0.4891    0.4313    0.3979    0.1374   0.05489   0.05489   0.05489
    14/299     3.67G   0.05267    0.0185  0.007692    0.1577         6       640    0.5236    0.4139    0.4128    0.1531   0.05397   0.05397   0.05397
    15/299     3.67G   0.05101   0.01812  0.006196    0.1507         7       640     0.568    0.3991    0.3993     0.153   0.05314   0.05314   0.05314
    16/299     3.67G   0.04986   0.01754  0.005645    0.1461         6       640    0.4782    0.4334     0.391    0.1466   0.05361   0.05361   0.05361
    17/299     3.67G   0.04966   0.01724  0.005494    0.1448         6       640    0.4982     0.401     0.369    0.1206    0.0542    0.0542    0.0542
    18/299     3.67G   0.04953   0.01706  0.005551    0.1443         1       640    0.5159    0.4163     0.409    0.1545   0.05176   0.05176   0.05176
    19/299     3.67G   0.04918   0.01679  0.004913    0.1418         2       640    0.5864    0.4618    0.4634    0.1677   0.05371   0.05371   0.05371
    20/299     3.67G   0.04843   0.01625  0.003717    0.1368         6       640    0.6434    0.4685    0.4796     0.183   0.05222   0.05222   0.05222
    21/299     3.67G   0.04857   0.01602  0.003718    0.1366         3       640    0.6233    0.3957    0.4268    0.1638   0.05081   0.05081   0.05081
    22/299     3.67G   0.04673   0.01573   0.00387    0.1327         5       640    0.4997    0.3758    0.3711    0.1361   0.05201   0.05201   0.05201
    23/299     3.67G    0.0473   0.01578  0.004555    0.1353         3       640    0.5349    0.3955    0.3808    0.1458   0.05236   0.05236   0.05236
    24/299     3.67G   0.04697   0.01528  0.003886    0.1323         2       640    0.4989    0.4002    0.3545    0.1427    0.0501    0.0501    0.0501
    25/299     3.67G   0.04557   0.01561  0.003787    0.1299         2       640    0.5297    0.4091    0.4069    0.1651   0.05111   0.05111   0.05111
    26/299     3.67G   0.04539    0.0147  0.003063    0.1263         2       640    0.5419    0.4181    0.4366    0.1807   0.04965   0.04965   0.04965
    27/299     3.67G   0.04523   0.01493  0.003141    0.1266         6       640    0.4791    0.4082      0.41    0.1767   0.05068   0.05068   0.05068
    28/299     3.67G   0.04493   0.01526  0.003325     0.127         3       640    0.5462    0.4052    0.4204    0.1682    0.0529    0.0529    0.0529
    29/299     3.67G   0.04497   0.01459  0.002741    0.1246         1       640    0.6291    0.4046    0.4393    0.1746   0.05114   0.05114   0.05114
    30/299     3.67G   0.04431   0.01496  0.002984    0.1245         2       640    0.5495    0.3754    0.3985    0.1625   0.05015   0.05015   0.05015
    31/299     3.67G   0.04366   0.01425  0.002269    0.1204         5       640    0.6215    0.4074    0.4348    0.1717   0.05072   0.05072   0.05072
    32/299     3.67G   0.04284   0.01417  0.002725    0.1195         3       640     0.608    0.4245    0.4261    0.1659   0.05104   0.05104   0.05104
    33/299     3.67G   0.04321   0.01422  0.002188    0.1192         2       640    0.6984    0.4059     0.474    0.2014   0.04819   0.04819   0.04819
    34/299     3.67G   0.04395   0.01405   0.00225    0.1205         3       640    0.5657    0.4566    0.4412    0.1825   0.04858   0.04858   0.04858
    35/299     3.67G   0.04254   0.01397  0.001985     0.117         2       640    0.6246     0.465    0.4759    0.1929   0.05016   0.05016   0.05016
    36/299     3.67G   0.04187   0.01397  0.001797    0.1153         7       640    0.5117    0.4616    0.4348     0.179   0.04942   0.04942   0.04942
    37/299     3.67G   0.04184    0.0136  0.001952    0.1148         2       640    0.6233    0.4474    0.4628    0.1688   0.05121   0.05121   0.05121
    38/299     3.67G   0.04158   0.01391  0.002137    0.1152         5       640    0.5441     0.457    0.4232    0.1679   0.04935   0.04935   0.04935
    39/299     3.67G   0.04115   0.01369  0.001862    0.1134         1       640    0.5643    0.4597    0.4765    0.1919   0.04801   0.04801   0.04801
    40/299     3.67G   0.04206   0.01336  0.001896    0.1146         6       640    0.6909    0.4639    0.5108    0.1998     0.049     0.049     0.049
    41/299     3.67G   0.04102    0.0136  0.001319    0.1119         3       640    0.5487    0.4337    0.4483    0.1886    0.0496    0.0496    0.0496
    42/299     3.67G   0.04056   0.01357  0.001761    0.1118         2       640    0.5826    0.4891    0.4803    0.2077   0.04783   0.04783   0.04783
    43/299     3.67G   0.04103   0.01318  0.001516    0.1115         2       640    0.7026    0.4781    0.5148    0.2089    0.0493    0.0493    0.0493
    44/299     3.67G    0.0399    0.0134  0.001762    0.1101         6       640    0.6876    0.4103    0.4519    0.1822   0.05135   0.05135   0.05135
    45/299     3.67G   0.04015   0.01304  0.001386    0.1092         6       640    0.6765    0.4186    0.4463    0.1883   0.04965   0.04965   0.04965
    46/299     3.67G   0.04074    0.0131  0.001826    0.1113         3       640     0.633    0.4788     0.504     0.211   0.04768   0.04768   0.04768
    47/299     3.67G   0.04006   0.01302  0.002107    0.1104         5       640    0.5701    0.4226    0.4289    0.1681   0.05021   0.05021   0.05021
    48/299     3.67G    0.0396   0.01311  0.001749    0.1089         1       640    0.6795    0.4459    0.4634     0.193   0.04891   0.04891   0.04891
    49/299     3.67G   0.04021   0.01294  0.001504    0.1093         2       640    0.5919    0.3728    0.3962    0.1755   0.04879   0.04879   0.04879
    50/299     3.67G   0.03987   0.01287  0.001392    0.1083         2       640    0.7209    0.4588    0.5083    0.2096   0.04908   0.04908   0.04908
    51/299     3.67G   0.03972   0.01271  0.001205    0.1073         3       640    0.6404    0.4337    0.4389    0.1939   0.04906   0.04906   0.04906
    52/299     3.67G   0.03871   0.01264  0.001129    0.1049         5       640    0.6788    0.4418    0.4792    0.1936   0.05016   0.05016   0.05016
    53/299     3.67G   0.03923    0.0127  0.001218    0.1063         3       640    0.5745    0.4673    0.4273    0.1656   0.04994   0.04994   0.04994
    54/299     3.67G   0.03866   0.01262  0.001047    0.1047         6       640    0.6098    0.4526    0.4636    0.1979   0.04957   0.04957   0.04957
    55/299     3.67G   0.03865   0.01228  0.001025    0.1039         2       640    0.6979      0.41    0.4612    0.1991   0.04926   0.04926   0.04926
    56/299     3.67G   0.03859   0.01235  0.001121    0.1041         5       640    0.6091    0.4586    0.4683    0.2024   0.04916   0.04916   0.04916
    57/299     3.67G   0.03892   0.01237  0.001355    0.1053         5       640    0.6193    0.4448    0.4387    0.1762   0.05017   0.05017   0.05017
    58/299     3.67G   0.03782   0.01221  0.001012    0.1021         4       640    0.7179    0.4031    0.4698    0.1917   0.04893   0.04893   0.04893
    59/299     3.67G    0.0376   0.01187 0.0009383    0.1008         2       640    0.6306    0.4233    0.4224    0.1756   0.04991   0.04991   0.04991
    60/299     3.67G   0.03748   0.01231 0.0009444    0.1015         3       640    0.7133    0.4019    0.4358    0.1707    0.0504    0.0504    0.0504
    61/299     3.67G   0.03691   0.01216  0.001198    0.1005         2       640    0.6274    0.4182    0.4175    0.1691   0.05035   0.05035   0.05035
    62/299     3.67G    0.0374   0.01216  0.001042    0.1012         3       640    0.5567    0.4068    0.3999    0.1677   0.04994   0.04994   0.04994
    63/299     3.67G    0.0365   0.01223  0.001229   0.09992         4       640    0.5213    0.4244    0.4103    0.1554   0.05046   0.05046   0.05046
    64/299     3.67G   0.03656   0.01195 0.0009043   0.09883         2       640    0.6495    0.4272    0.4616    0.1867    0.0495    0.0495    0.0495
    65/299     3.67G    0.0373   0.01178  0.001034    0.1002         6       640    0.6273    0.4663    0.4605      0.19   0.04981   0.04981   0.04981
    66/299     3.67G   0.03692   0.01174  0.001084   0.09949         3       640    0.5964    0.4457    0.4344    0.1801    0.0498    0.0498    0.0498
    67/299     3.67G   0.03692   0.01191 0.0008729    0.0994         4       640    0.6587    0.3891    0.4374    0.1857   0.04963   0.04963   0.04963
    68/299     3.67G   0.03634   0.01183 0.0008743   0.09808         2       640    0.6916    0.3986    0.4553    0.1929   0.04971   0.04971   0.04971
    69/299     3.67G    0.0361    0.0116  0.001087   0.09756         2       640    0.5883    0.4531    0.4301    0.1792   0.04982   0.04982   0.04982
    70/299     3.67G   0.03643   0.01226  0.001358    0.1001         5       640    0.6763    0.4837     0.492    0.1971   0.04954   0.04954   0.04954
    71/299     3.67G   0.03667    0.0118 0.0009989   0.09894         4       640    0.5746    0.4047    0.3806    0.1613   0.05002   0.05002   0.05002
    72/299     3.67G   0.03582   0.01189 0.0009169   0.09724         1       640     0.615    0.3985    0.4082    0.1705   0.05033   0.05033   0.05033
    73/299     3.67G   0.03601   0.01156   0.00104   0.09722         2       640    0.5561    0.4293    0.4114    0.1796   0.04928   0.04928   0.04928
    74/299     3.67G   0.03657   0.01186 0.0008654    0.0986         4       640    0.6677    0.4655    0.5016    0.2109    0.0501    0.0501    0.0501
    75/299     3.67G   0.03597   0.01182  0.001361    0.0983         6       640    0.6127     0.439    0.4527    0.1924   0.04919   0.04919   0.04919
    76/299     3.67G   0.03531   0.01131 0.0008866   0.09501         4       640    0.5711    0.4402    0.4156    0.1785   0.04983   0.04983   0.04983
    77/299     3.67G   0.03544   0.01132  0.001007   0.09554         6       640    0.5467    0.4049    0.4078    0.1689   0.04922   0.04922   0.04922
    78/299     3.67G   0.03521   0.01164 0.0008619   0.09543         1       640    0.6656    0.4078    0.4427    0.1917   0.04973   0.04973   0.04973
    79/299     3.67G   0.03573   0.01156 0.0009007   0.09638         2       640    0.5574    0.4859    0.4556    0.1884   0.04906   0.04906   0.04906
    80/299     3.67G   0.03464    0.0116 0.0008108   0.09409         2       640    0.4778    0.4574     0.397    0.1728   0.04923   0.04923   0.04923
    81/299     3.67G   0.03446   0.01119 0.0008529   0.09301         5       640    0.6071    0.4562    0.4596    0.1958   0.04936   0.04936   0.04936
    82/299     3.67G   0.03508   0.01124 0.0007792   0.09421         3       640    0.6239    0.4633    0.4528    0.1861   0.05007   0.05007   0.05007
    83/299     3.67G   0.03536   0.01157 0.0009226   0.09571         4       640    0.6666    0.4335    0.4754    0.2082   0.04774   0.04774   0.04774
    84/299     3.67G   0.03411     0.011 0.0007523   0.09173         1       640    0.5776    0.4632    0.4484    0.1774   0.04995   0.04995   0.04995
    85/299     3.67G   0.03445   0.01115 0.0006346   0.09247         5       640    0.5205    0.5021    0.4678    0.1977   0.04777   0.04777   0.04777
    86/299     3.67G    0.0341   0.01119   0.00069   0.09196         5       640    0.5632    0.4346    0.4347     0.185   0.04816   0.04816   0.04816
    87/299     3.67G   0.03405   0.01141 0.0004413   0.09181         3       640      0.55    0.4914    0.4603    0.2013   0.04795   0.04795   0.04795
    88/299     3.67G   0.03437   0.01131 0.0008952   0.09315         4       640    0.6001    0.5068    0.4841    0.2088   0.04775   0.04775   0.04775
    89/299     3.67G   0.03425   0.01097 0.0009383   0.09231         6       640    0.5729    0.4962    0.4719    0.1954    0.0485    0.0485    0.0485
    90/299     3.67G   0.03403   0.01104   0.00059   0.09132         4       640    0.5964    0.4523    0.4281    0.1844   0.04772   0.04772   0.04772
    91/299     3.67G   0.03386   0.01076 0.0005259    0.0903         1       640    0.6694    0.4014     0.425    0.1771   0.04846   0.04846   0.04846
    92/299     3.67G   0.03424   0.01123 0.0007902   0.09251         1       640     0.586    0.4734    0.4882    0.2084   0.04725   0.04725   0.04725
    93/299     3.67G   0.03387   0.01096 0.0007876   0.09123         2       640    0.6527    0.4358    0.4666    0.1945   0.04862   0.04862   0.04862
    94/299     3.67G   0.03289   0.01081 0.0006017   0.08859         2       640    0.5793    0.4688    0.4616    0.1918   0.04819   0.04819   0.04819
    95/299     3.67G   0.03336   0.01076  0.000509   0.08926         1       640    0.6817    0.4376    0.4563    0.1908   0.04934   0.04934   0.04934
    96/299     3.67G   0.03336   0.01079 0.0005884   0.08947         2       640    0.6187    0.5281    0.5239    0.2224    0.0492    0.0492    0.0492
    97/299     3.67G    0.0338   0.01096 0.0005805   0.09068         5       640    0.6737    0.4288    0.4544    0.1877   0.04834   0.04834   0.04834
    98/299     3.67G   0.03319   0.01086  0.000515   0.08914         5       640    0.6513     0.437    0.4379    0.1902   0.04774   0.04774   0.04774
    99/299     3.67G   0.03264   0.01072 0.0007138   0.08815         1       640    0.6107    0.4177    0.4488    0.2016   0.04696   0.04696   0.04696
   100/299     3.67G   0.03297   0.01079 0.0009665   0.08945         3       640     0.611    0.4088    0.4276    0.1854    0.0479    0.0479    0.0479
   101/299     3.67G   0.03341   0.01112 0.0008871   0.09083         7       640    0.6783    0.4357    0.4633    0.2056   0.04788   0.04788   0.04788
   102/299     3.67G   0.03329   0.01052 0.0006178   0.08884         2       640    0.5302    0.4339    0.4071    0.1764   0.04893   0.04893   0.04893
   103/299     3.67G   0.03286   0.01079 0.0006714   0.08864         2       640    0.6255    0.4979    0.4887    0.2077   0.04721   0.04721   0.04721
   104/299     3.67G   0.03309   0.01078 0.0004992   0.08874         2       640    0.6717    0.4403    0.4736    0.2085   0.04773   0.04773   0.04773
   105/299     3.67G   0.03232   0.01061 0.0008636   0.08759         6       640    0.6247    0.4095    0.4353    0.1893   0.04752   0.04752   0.04752
   106/299     3.67G   0.03264   0.01077 0.0007831    0.0884         2       640    0.6847    0.4604    0.4922    0.2145   0.04727   0.04727   0.04727
   107/299     3.67G   0.03234    0.0107 0.0006426   0.08736         2       640    0.6596    0.4255    0.4531    0.2003   0.04808   0.04808   0.04808
   108/299     3.67G   0.03257    0.0105 0.0005228   0.08718         3       640    0.5775    0.4756     0.447     0.184    0.0492    0.0492    0.0492
   109/299     3.67G   0.03231   0.01042 0.0005016   0.08648         6       640    0.5656    0.4497    0.4435    0.1899   0.04826   0.04826   0.04826
   110/299     3.67G   0.03158    0.0106 0.0005353   0.08544         5       640    0.6202    0.4492    0.4621    0.1999   0.04792   0.04792   0.04792
   111/299     3.67G   0.03223   0.01039  0.000441   0.08613         1       640    0.6033    0.4735    0.4675    0.2013   0.04787   0.04787   0.04787
   112/299     3.67G   0.03164   0.01042 0.0005326   0.08519         2       640    0.7149    0.3781    0.4556    0.1979   0.04772   0.04772   0.04772
   113/299     3.67G     0.032   0.01053 0.0008595   0.08677         3       640    0.5865    0.4281    0.4414    0.1992   0.04812   0.04812   0.04812
   114/299     3.67G   0.03218   0.01062 0.0007152   0.08702         4       640     0.489    0.5018    0.4325    0.1834   0.04855   0.04855   0.04855
   115/299     3.67G     0.032   0.01049 0.0004968   0.08597         2       640    0.5575    0.4692    0.4608    0.2079   0.04739   0.04739   0.04739
   116/299     3.67G   0.03138   0.01026  0.000692   0.08467         5       640    0.6696    0.4219    0.4589    0.1988   0.04802   0.04802   0.04802
   117/299     3.67G   0.03116   0.01005 0.0005697   0.08356         4       640    0.6045    0.4556    0.4432    0.1962   0.04844   0.04844   0.04844
   118/299     3.67G   0.03134   0.01038 0.0005999   0.08465         2       640    0.5589    0.4116    0.3987    0.1805   0.04813   0.04813   0.04813
   119/299     3.67G   0.03151   0.01054 0.0006692   0.08543         3       640    0.6165    0.4079    0.4079    0.1871   0.04784   0.04784   0.04784
   120/299     3.67G   0.03134   0.01032 0.0005359    0.0844         6       640    0.5617    0.4514    0.4349    0.1966   0.04762   0.04762   0.04762
   121/299     3.67G   0.03155   0.01043 0.0006105   0.08518         2       640    0.7363    0.3991    0.4577    0.1929    0.0479    0.0479    0.0479
   122/299     3.67G   0.03117   0.01011 0.0006181    0.0838         3       640    0.6343    0.4154    0.4456     0.204   0.04782   0.04782   0.04782
   123/299     3.67G   0.03136   0.01014  0.000583   0.08416         3       640     0.675    0.4164    0.4406    0.1892    0.0485    0.0485    0.0485
   124/299     3.67G   0.03078   0.01042 0.0005349   0.08348         4       640    0.6494      0.43    0.4479    0.1862   0.04806   0.04806   0.04806
   125/299     3.67G   0.03106   0.01013 0.0004914   0.08336         3       640    0.5225    0.4318    0.3937    0.1733   0.04741   0.04741   0.04741
   126/299     3.67G   0.03074   0.01005 0.0004291   0.08244         4       640    0.6644    0.3931    0.4184    0.1857   0.04746   0.04746   0.04746
   127/299     3.67G   0.03013   0.01017 0.0005108   0.08162         1       640    0.5746    0.3924    0.3808    0.1656   0.04791   0.04791   0.04791
   128/299     3.67G   0.03047   0.01009 0.0004364     0.082         2       640    0.5143    0.4454    0.4131    0.1781   0.04808   0.04808   0.04808
   129/299     3.67G   0.03063   0.01025 0.0007291   0.08322         5       640    0.5561     0.449    0.4042    0.1727   0.04902   0.04902   0.04902
   130/299     3.67G   0.03063   0.01026 0.0003797   0.08255         4       640    0.6431    0.4461    0.4541    0.1947    0.0476    0.0476    0.0476
   131/299     3.67G   0.03076   0.01004 0.0009631   0.08353         1       640    0.6315    0.4206    0.4344    0.1869   0.04762   0.04762   0.04762
   132/299     3.67G    0.0304   0.01001 0.0005195   0.08186         3       640    0.5957    0.4221     0.425    0.1859   0.04783   0.04783   0.04783
   133/299     3.67G   0.03019  0.009834 0.0003848   0.08083         3       640    0.5633    0.4332    0.4218    0.1927   0.04821   0.04821   0.04821
   134/299     3.67G   0.03026   0.01006 0.0004167   0.08147         4       640    0.5541    0.4213    0.4166    0.1824   0.04815   0.04815   0.04815
   135/299     3.67G    0.0304   0.01023 0.0004351   0.08214         3       640    0.5997    0.4249    0.4166    0.1816   0.04779   0.04779   0.04779
   136/299     3.67G   0.02976  0.009918 0.0003987   0.08015         5       640    0.5566     0.433    0.4204    0.1826   0.04806   0.04806   0.04806
   137/299     3.67G   0.02998   0.01023 0.0004614   0.08136         5       640    0.6405    0.4136    0.4141    0.1761   0.04753   0.04753   0.04753
   138/299     3.67G    0.0305  0.009854 0.0004158   0.08154         6       640    0.6479     0.378    0.4107    0.1745   0.04845   0.04845   0.04845
   139/299     3.67G   0.02999   0.00995 0.0004926   0.08086         2       640    0.5432    0.4618    0.4344    0.1893   0.04786   0.04786   0.04786
   140/299     3.67G   0.02949  0.009972 0.0004232   0.07978         6       640    0.7007    0.4315    0.4636    0.2024   0.04752   0.04752   0.04752
   141/299     3.67G    0.0298  0.009911 0.0003566   0.08013         2       640    0.6288    0.4416    0.4422    0.1874   0.04794   0.04794   0.04794
   142/299     3.67G   0.02957  0.009923 0.0004907   0.07997         3       640    0.6047    0.4551    0.4584    0.1963   0.04774   0.04774   0.04774
   143/299     3.67G   0.02958  0.009928 0.0006749   0.08036         4       640    0.5909    0.3863    0.4174    0.1832   0.04827   0.04827   0.04827
   144/299     3.67G   0.02988  0.009683 0.0004124   0.07995         5       640    0.6272    0.4038    0.4316    0.1899   0.04767   0.04767   0.04767
   145/299     3.67G   0.02962  0.009678 0.0004784   0.07956         3       640    0.6425    0.3981    0.4411    0.1909   0.04775   0.04775   0.04775
   146/299     3.67G   0.02911  0.009912 0.0004103   0.07887         5       640    0.5571    0.4897    0.4614    0.2049   0.04832   0.04832   0.04832
   147/299     3.67G   0.03004  0.009751 0.0003519   0.08029         1       640    0.6193    0.4256    0.4343    0.1837   0.04911   0.04911   0.04911
   148/299     3.67G   0.02872  0.009593 0.0003104   0.07725         4       640    0.7474    0.3996    0.4407     0.193   0.04868   0.04868   0.04868
   149/299     3.67G   0.02912  0.009603 0.0003854   0.07822         3       640    0.5922    0.4454    0.4512     0.194   0.04898   0.04898   0.04898
   150/299     3.67G   0.02893  0.009873 0.0003243   0.07825         5       640    0.6891     0.427    0.4372    0.1944   0.04729   0.04729   0.04729
   151/299     3.67G   0.02936      0.01 0.0004279   0.07958         3       640     0.626    0.3735    0.4008    0.1746   0.04817   0.04817   0.04817
   152/299     3.67G   0.02931      0.01  0.000597   0.07983         2       640    0.6893    0.3673    0.4158    0.1846   0.04843   0.04843   0.04843
   153/299     3.67G   0.02876   0.00967 0.0003803   0.07763         6       640    0.6548    0.4239    0.4545    0.2017   0.04734   0.04734   0.04734
   154/299     3.67G    0.0284  0.009602 0.0004951     0.077         6       640    0.6726     0.411    0.4309    0.1841   0.04772   0.04772   0.04772
   155/299     3.67G    0.0288  0.009561 0.0004535   0.07763         3       640    0.5869    0.3852     0.405    0.1779   0.04813   0.04813   0.04813
   156/299     3.67G   0.02832  0.009596  0.000389   0.07662         3       640     0.568      0.44    0.4211    0.1729   0.04856   0.04856   0.04856
   157/299     3.67G   0.02899  0.009593 0.0005817   0.07833         5       640    0.5804    0.4643    0.4227    0.1727   0.04863   0.04863   0.04863
   158/299     3.67G   0.02877  0.009699 0.0003534   0.07765         2       640    0.6561     0.411    0.4284    0.1759   0.04818   0.04818   0.04818
   159/299     3.67G   0.02893  0.009652 0.0004368   0.07804         6       640    0.6662    0.3932    0.4151    0.1736   0.04854   0.04854   0.04854
   160/299     3.67G   0.02879  0.009453 0.0004751   0.07745         2       640    0.6459    0.4108    0.4187    0.1708   0.04961   0.04961   0.04961
   161/299     3.67G   0.02833  0.009478 0.0004282   0.07647         2       640    0.6007    0.4544    0.4268    0.1825   0.04972   0.04972   0.04972
   162/299     3.67G   0.02803  0.009563 0.0002748   0.07573         0       640    0.6461    0.4216    0.4248    0.1864   0.04867   0.04867   0.04867
   163/299     3.67G   0.02835  0.009488 0.0004673    0.0766         2       640    0.5547    0.4578     0.427    0.1823   0.04806   0.04806   0.04806
   164/299     3.67G   0.02834  0.009493 0.0003278   0.07633         4       640       0.6    0.4398     0.429    0.1817   0.04829   0.04829   0.04829
   165/299     3.67G   0.02771  0.009414 0.0003064   0.07486         3       640    0.6367    0.4015    0.4298    0.1817   0.04828   0.04828   0.04828
   166/299     3.67G     0.028  0.009367 0.0004421   0.07561         2       640    0.6589    0.4195     0.429    0.1851   0.04841   0.04841   0.04841
   167/299     3.67G   0.02791  0.009361 0.0003375   0.07521         5       640    0.6024    0.4505    0.4228    0.1782   0.04848   0.04848   0.04848
   168/299     3.67G   0.02787  0.009374  0.000308   0.07511         3       640    0.5277    0.4346    0.3905    0.1627   0.04922   0.04922   0.04922
   169/299     3.67G   0.02804   0.00923 0.0002333     0.075         4       640    0.6782    0.3974    0.4122     0.177   0.04895   0.04895   0.04895
   170/299     3.67G   0.02788  0.009381 0.0003701   0.07526         5       640     0.617     0.411    0.4072    0.1731    0.0487    0.0487    0.0487
   171/299     3.67G   0.02788  0.009643 0.0005686   0.07619         5       640     0.618    0.4359    0.4217    0.1771   0.04879   0.04879   0.04879
   172/299     3.67G    0.0278  0.009184 0.0003867   0.07474         4       640    0.5699    0.4631    0.4298    0.1889   0.04843   0.04843   0.04843
   173/299     3.67G   0.02802  0.009536 0.0004321   0.07599         1       640    0.6778    0.4437    0.4336    0.1846   0.04856   0.04856   0.04856
   174/299     3.67G   0.02764  0.009576 0.0003499   0.07513         2       640    0.5571    0.4775    0.4279    0.1777   0.04863   0.04863   0.04863
   175/299     3.67G   0.02754  0.009301 0.0003833   0.07444         3       640    0.5981    0.4712    0.4431    0.1902    0.0485    0.0485    0.0485
   176/299     3.67G   0.02744  0.009015 0.0002416   0.07339         3       640    0.6415     0.434    0.4294    0.1872   0.04892   0.04892   0.04892
   177/299     3.67G   0.02759  0.009328 0.0003379   0.07452         4       640     0.678    0.4397    0.4605    0.2009   0.04786   0.04786   0.04786
   178/299     3.67G   0.02752  0.009014  0.000409   0.07389         5       640    0.6082    0.4706    0.4558    0.1941   0.04813   0.04813   0.04813
   179/299     3.67G   0.02709  0.008981 0.0003165   0.07278         5       640    0.6508    0.4676    0.4764    0.1957   0.04846   0.04846   0.04846
   180/299     3.67G    0.0267  0.009367 0.0003395   0.07281         4       640    0.6674     0.449    0.4541    0.1872   0.04831   0.04831   0.04831
   181/299     3.67G   0.02733  0.009133 0.0003503   0.07364         2       640    0.6541    0.4585     0.444     0.195   0.04745   0.04745   0.04745
   182/299     3.67G   0.02684  0.009124  0.000344   0.07262         4       640    0.6726    0.4246    0.4434    0.1877   0.04784   0.04784   0.04784
   183/299     3.67G   0.02718  0.008965 0.0003187   0.07292         5       640    0.6358    0.4221    0.4243    0.1784   0.04807   0.04807   0.04807
   184/299     3.67G   0.02718  0.009035 0.0004335    0.0733         4       640    0.6551    0.4113    0.4168    0.1816   0.04759   0.04759   0.04759
   185/299     3.67G   0.02661  0.009156 0.0003348    0.0722         3       640    0.6405      0.41    0.4166    0.1803   0.04787   0.04787   0.04787
   186/299     3.67G   0.02651  0.009066 0.0002777   0.07171         2       640    0.7006    0.3926     0.438    0.1872   0.04759   0.04759   0.04759
   187/299     3.67G   0.02667  0.009038 0.0003953    0.0722         3       640    0.6103    0.4464    0.4538    0.1946   0.04747   0.04747   0.04747
   188/299     3.67G   0.02661  0.009157  0.000349   0.07223         2       640    0.6686    0.4343    0.4459    0.1948   0.04775   0.04775   0.04775
   189/299     3.67G   0.02638  0.009045 0.0002993   0.07144         3       640    0.6886    0.4067    0.4409    0.1931   0.04784   0.04784   0.04784
   190/299     3.67G    0.0266  0.009055 0.0004314   0.07217         6       640    0.6105    0.4572    0.4448    0.1881   0.04795   0.04795   0.04795
   191/299     3.67G   0.02641  0.009195 0.0002503   0.07171         6       640    0.6887    0.4151    0.4553    0.1937   0.04811   0.04811   0.04811
   192/299     3.67G   0.02642    0.0088  0.000201   0.07085         3       640    0.5621    0.4753    0.4521    0.1952   0.04839   0.04839   0.04839
   193/299     3.67G   0.02653  0.009222 0.0002517     0.072         5       640    0.5765    0.4665    0.4685     0.206   0.04819   0.04819   0.04819
   194/299     3.67G   0.02592   0.00893  0.000167   0.07003         4       640    0.5944    0.4625    0.4606    0.2022   0.04812   0.04812   0.04812
   195/299     3.67G   0.02569  0.009007 0.0003316   0.07006         2       640    0.6636    0.4369    0.4717    0.2068   0.04831   0.04831   0.04831
   196/299     3.67G   0.02635  0.009013 0.0003211   0.07138         2       640    0.6016    0.4607    0.4652    0.2077   0.04826   0.04826   0.04826
   197/299     3.67G   0.02625  0.008774 0.0002835   0.07062         3       640    0.6574    0.4235    0.4487     0.196   0.04818   0.04818   0.04818
   198/299     3.67G   0.02622  0.009079 0.0003971   0.07139         3       640    0.6714     0.422     0.441    0.1941   0.04851   0.04851   0.04851
   199/299     3.67G   0.02645  0.009043  0.000306    0.0716         5       640    0.7101    0.3937    0.4402    0.1905   0.04859   0.04859   0.04859
   200/299     3.67G   0.02645  0.008857 0.0004182   0.07144         3       640    0.6339    0.4435    0.4657    0.2034   0.04796   0.04796   0.04796
   201/299     3.67G   0.02578  0.009015 0.0003278   0.07024         7       640     0.628      0.45    0.4611    0.2006   0.04803   0.04803   0.04803
   202/299     3.67G   0.02582  0.008932 0.0003076   0.07012         5       640    0.6442    0.4228    0.4471    0.1978   0.04815   0.04815   0.04815
   203/299     3.67G   0.02564  0.008597 0.0002493   0.06898         2       640    0.5702    0.4607    0.4266     0.185   0.04866   0.04866   0.04866
   204/299     3.67G   0.02571  0.008901 0.0003286   0.06987         2       640     0.587    0.4463    0.4284    0.1841   0.04853   0.04853   0.04853
   205/299     3.67G   0.02553  0.008894 0.0002933   0.06943         1       640    0.5439    0.4932    0.4542    0.1975    0.0483    0.0483    0.0483
   206/299     3.67G    0.0256  0.009114 0.0003175   0.07007         2       640    0.5824    0.4418    0.4287    0.1861   0.04852   0.04852   0.04852
   207/299     3.67G    0.0256  0.008875 0.0002203    0.0694         3       640    0.6075    0.4311     0.415    0.1785   0.04874   0.04874   0.04874
   208/299     3.67G   0.02524  0.008837 0.0002984   0.06876         2       640    0.6805    0.4119    0.4182    0.1783   0.04869   0.04869   0.04869
   209/299     3.67G   0.02537  0.008838 0.0002751   0.06896         3       640    0.5722    0.4649    0.4357    0.1871   0.04858   0.04858   0.04858
   210/299     3.67G    0.0254  0.008837 0.0002448   0.06896         3       640    0.6278    0.4312    0.4369    0.1875   0.04867   0.04867   0.04867
   211/299     3.67G   0.02508  0.008581 0.0001933   0.06771         2       640    0.6357    0.4263     0.444    0.1909   0.04868   0.04868   0.04868
   212/299     3.67G   0.02511  0.008684 0.0001631   0.06791         1       640    0.6245    0.4525    0.4507    0.1966   0.04848   0.04848   0.04848
   213/299     3.67G   0.02538  0.008614 0.0002305   0.06845         5       640    0.6299    0.4557    0.4479    0.1916   0.04871   0.04871   0.04871
   214/299     3.67G   0.02515  0.008874 0.0003088   0.06866         4       640    0.6152    0.4639    0.4534    0.1924   0.04877   0.04877   0.04877
   215/299     3.67G   0.02532  0.008695 0.0003619   0.06875         4       640    0.6488    0.4232    0.4474    0.1928   0.04901   0.04901   0.04901
   216/299     3.67G   0.02539  0.008443 0.0002207    0.0681         3       640    0.5983    0.4318    0.4298    0.1857   0.04895   0.04895   0.04895
   217/299     3.67G   0.02467  0.008638 0.0002253   0.06707         6       640    0.6044    0.4333    0.4388    0.1904   0.04872   0.04872   0.04872
   218/299     3.67G   0.02495  0.008491  0.000202   0.06728         2       640    0.7429    0.3695    0.4361    0.1895   0.04882   0.04882   0.04882
   219/299     3.67G   0.02499   0.00891  0.000324   0.06845         7       640     0.562     0.467    0.4407    0.1896   0.04872   0.04872   0.04872
   220/299     3.67G   0.02502  0.008558 0.0003001   0.06775         2       640    0.5824    0.4439    0.4394    0.1923    0.0486    0.0486    0.0486
   221/299     3.67G   0.02492   0.00876 0.0002315   0.06782         6       640    0.7092     0.406    0.4474    0.1988   0.04833   0.04833   0.04833
   222/299     3.67G    0.0249  0.008609  0.000175   0.06737         3       640    0.5387     0.497    0.4572    0.1974   0.04829   0.04829   0.04829
   223/299     3.67G   0.02455  0.008776 0.0002542   0.06717         5       640    0.6801    0.4272    0.4514    0.1947   0.04847   0.04847   0.04847
   224/299     3.67G   0.02465  0.008586 0.0002188   0.06691         5       640    0.6305    0.4386    0.4343    0.1869   0.04852   0.04852   0.04852
   225/299     3.67G   0.02447  0.008627 0.0002424   0.06669         7       640    0.5813    0.4515     0.434    0.1901   0.04862   0.04862   0.04862
   226/299     3.67G   0.02463  0.008362 0.0002558   0.06649         3       640    0.5689    0.4704    0.4392    0.1931   0.04853   0.04853   0.04853
   227/299     3.67G   0.02467  0.008575  0.000296   0.06707         1       640    0.6297    0.4274     0.434    0.1912   0.04876   0.04876   0.04876
   228/299     3.67G   0.02453  0.008553 0.0003178   0.06681         3       640    0.5835    0.4506    0.4301    0.1891   0.04855   0.04855   0.04855
   229/299     3.67G   0.02402  0.008486 0.0002199   0.06545         2       640    0.6647    0.4165    0.4247    0.1837    0.0486    0.0486    0.0486
   230/299     3.67G   0.02451  0.008615 0.0001973   0.06664         2       640    0.6077    0.4412    0.4315    0.1903   0.04847   0.04847   0.04847
   231/299     3.67G   0.02471  0.008387 0.0002406   0.06669         5       640    0.6341    0.4469      0.44    0.1942   0.04815   0.04815   0.04815
   232/299     3.67G   0.02417  0.008525 0.0002096   0.06581         2       640     0.647    0.4376    0.4371    0.1929   0.04812   0.04812   0.04812
   233/299     3.67G   0.02427  0.008664  0.000174   0.06621         3       640    0.6564    0.4299    0.4338    0.1903   0.04829   0.04829   0.04829
   234/299     3.67G   0.02411  0.008726 0.0002571   0.06619         7       640     0.595    0.4574    0.4251    0.1874   0.04821   0.04821   0.04821
   235/299     3.67G   0.02378  0.008487 0.0001899   0.06492         2       640    0.6252    0.4446    0.4289     0.187   0.04851   0.04851   0.04851
   236/299     3.67G   0.02403  0.008635 0.0003643   0.06607         4       640    0.6046    0.4535     0.425    0.1829   0.04875   0.04875   0.04875
   237/299     3.67G   0.02424  0.008457 0.0002029   0.06579         2       640    0.6127    0.4419    0.4288    0.1875    0.0485    0.0485    0.0485
   238/299     3.67G   0.02401   0.00855 0.0002241   0.06557         4       640    0.5678     0.454    0.4224    0.1854   0.04843   0.04843   0.04843
   239/299     3.67G   0.02392  0.008673  0.000192   0.06556         3       640    0.6541    0.4319    0.4316     0.188   0.04836   0.04836   0.04836
   240/299     3.67G   0.02404  0.008373 0.0001751   0.06517         3       640    0.6174    0.4458    0.4304    0.1867   0.04843   0.04843   0.04843
   241/299     3.67G   0.02393  0.008323 0.0002542   0.06502         2       640    0.6381    0.4417    0.4297    0.1836   0.04848   0.04848   0.04848
   242/299     3.67G   0.02379  0.008309 0.0002507   0.06471         3       640      0.61    0.4485     0.419    0.1808   0.04858   0.04858   0.04858
   243/299     3.67G   0.02415  0.008459  0.000204   0.06564         7       640    0.6234    0.4399    0.4192     0.181   0.04866   0.04866   0.04866
   244/299     3.67G     0.024  0.008275  0.000236   0.06503         5       640    0.6116    0.4407    0.4183    0.1812    0.0487    0.0487    0.0487
   245/299     3.67G   0.02392  0.008383 0.0003254   0.06525         2       640    0.5958    0.4379    0.4195    0.1793   0.04902   0.04902   0.04902
   246/299     3.67G    0.0238  0.008383 0.0001991   0.06476         5       640    0.6142    0.4284    0.4221    0.1793   0.04913   0.04913   0.04913
   247/299     3.67G    0.0234  0.008228 0.0002428   0.06373         3       640    0.5948    0.4346    0.4217     0.179   0.04914   0.04914   0.04914
   248/299     3.67G   0.02383  0.008544 0.0003392   0.06543         3       640    0.5362     0.458    0.4115    0.1723   0.04918   0.04918   0.04918
   249/299     3.67G   0.02339  0.008335 0.0002548   0.06396         3       640    0.5311     0.462    0.4137     0.175   0.04903   0.04903   0.04903
   250/299     3.67G   0.02329  0.008359 0.0001764   0.06364         2       640    0.5291     0.476    0.4221    0.1792   0.04908   0.04908   0.04908
   251/299     3.67G   0.02353  0.008535 0.0001976   0.06453         6       640    0.5651    0.4606    0.4229     0.183     0.049     0.049     0.049
   252/299     3.67G   0.02346  0.008515 0.0001352   0.06422         5       640    0.5982     0.443    0.4122    0.1783   0.04914   0.04914   0.04914
   253/299     3.67G   0.02346  0.008384 0.0001951   0.06407         2       640    0.6184    0.4399     0.415    0.1782   0.04931   0.04931   0.04931
   254/299     3.67G   0.02338  0.008201 0.0002376   0.06364         7       640    0.6175    0.4363    0.4122    0.1764   0.04945   0.04945   0.04945
   255/299     3.67G   0.02304  0.008252 0.0001398   0.06286         5       640    0.6612    0.4206    0.4211    0.1744   0.04951   0.04951   0.04951
   256/299     3.67G   0.02321  0.008193 0.0001928   0.06319         5       640    0.6195     0.434    0.4213    0.1762   0.04951   0.04951   0.04951
   257/299     3.67G   0.02339  0.008205 0.0002267   0.06365         2       640    0.5976    0.4279     0.415    0.1744   0.04952   0.04952   0.04952
   258/299     3.67G   0.02292  0.008216 0.0001499   0.06256         4       640    0.5937     0.415    0.4038    0.1724   0.04959   0.04959   0.04959
   259/299     3.67G   0.02335  0.008313 0.0001539   0.06363         4       640    0.5787    0.4167    0.4015    0.1713   0.04956   0.04956   0.04956
   260/299     3.67G   0.02305  0.008126 0.0001438   0.06265         5       640     0.593    0.4015    0.3979    0.1689   0.04967   0.04967   0.04967
   261/299     3.67G   0.02329   0.00837 0.0001834   0.06369         3       640    0.5973    0.4016    0.3955    0.1682   0.04968   0.04968   0.04968
   262/299     3.67G   0.02296   0.00811 0.0003413   0.06282         1       640    0.6404    0.3887    0.4049    0.1727   0.04953   0.04953   0.04953
   263/299     3.67G   0.02268  0.008119 0.0001213   0.06184         2       640    0.6394    0.4105    0.4162    0.1761   0.04933   0.04933   0.04933
   264/299     3.67G   0.02257  0.008027 0.0001508    0.0615         5       640    0.6201    0.4196    0.4171    0.1744    0.0493    0.0493    0.0493
   265/299     3.67G     0.023  0.008189 0.0001531   0.06268         5       640    0.6404    0.4288    0.4194    0.1771    0.0492    0.0492    0.0492
   266/299     3.67G   0.02337  0.008166 0.0001557   0.06339         3       640    0.6553    0.4176    0.4187    0.1769   0.04914   0.04914   0.04914
   267/299     3.67G   0.02299  0.008404  0.000232   0.06326         3       640    0.6388    0.4267    0.4141    0.1734   0.04924   0.04924   0.04924
   268/299     3.67G   0.02324  0.008289 0.0002306   0.06353         2       640    0.6385     0.439    0.4101    0.1699   0.04943   0.04943   0.04943
   269/299     3.67G   0.02275    0.0082 0.0002576   0.06241         5       640     0.628    0.4359    0.4095    0.1703   0.04953   0.04953   0.04953
   270/299     3.67G   0.02267  0.007975 0.0001529   0.06159         1       640    0.5812    0.4518    0.4122    0.1717   0.04966   0.04966   0.04966
   271/299     3.67G     0.023  0.008316 0.0002232   0.06307         3       640    0.5762    0.4405    0.4106    0.1706   0.04974   0.04974   0.04974
   272/299     3.67G   0.02324   0.00806 0.0002111   0.06302         2       640    0.5619    0.4429    0.4067    0.1694    0.0497    0.0497    0.0497
   273/299     3.67G   0.02262  0.008344 0.0001869   0.06229         3       640    0.5683    0.4367    0.4108     0.169   0.04972   0.04972   0.04972
   274/299     3.67G    0.0231  0.008167 0.0002606   0.06305         1       640    0.5809    0.4333    0.4111    0.1685    0.0497    0.0497    0.0497
   275/299     3.67G   0.02304  0.008454 0.0001699   0.06332         4       640    0.5375    0.4616    0.4104    0.1691   0.04961   0.04961   0.04961
   276/299     3.67G   0.02298  0.008256 0.0001115    0.0627         5       640    0.5251    0.4673    0.4112    0.1703   0.04955   0.04955   0.04955
   277/299     3.67G   0.02252  0.008013 0.0002233   0.06151         1       640    0.5692    0.4368    0.4097    0.1702   0.04938   0.04938   0.04938
   278/299     3.67G   0.02294  0.008134 0.0001277   0.06241         3       640    0.5428    0.4559    0.4097    0.1694   0.04934   0.04934   0.04934
   279/299     3.67G   0.02231  0.007885  0.000108   0.06061         2       640    0.5316    0.4597    0.4104    0.1705   0.04923   0.04923   0.04923
   280/299     3.67G   0.02265  0.008036 0.0002326   0.06183         3       640    0.5212    0.4712    0.4083    0.1704   0.04914   0.04914   0.04914
   281/299     3.67G   0.02291  0.008118 0.0001756   0.06242         2       640    0.5161    0.4651     0.403    0.1688   0.04909   0.04909   0.04909
   282/299     3.67G   0.02277  0.008145 0.0001682   0.06216         7       640    0.5146    0.4625    0.4001    0.1687    0.0492    0.0492    0.0492
   283/299     3.67G   0.02234  0.007953 0.0001847   0.06096         1       640    0.5166    0.4595    0.4024    0.1676   0.04923   0.04923   0.04923
   284/299     3.67G   0.02236  0.008096 0.0001759   0.06126         2       640    0.5393    0.4499    0.3996    0.1674   0.04934   0.04934   0.04934
   285/299     3.67G   0.02225  0.008065 0.0001099   0.06084         1       640    0.5512     0.444    0.3987    0.1683   0.04944   0.04944   0.04944
   286/299     3.67G   0.02193  0.008011 0.0002779   0.06043         3       640    0.5254    0.4631    0.4034     0.167   0.04943   0.04943   0.04943
   287/299     3.67G   0.02214  0.007884  0.000324    0.0607         4       640    0.5327     0.461    0.4046    0.1683   0.04934   0.04934   0.04934
   288/299     3.67G   0.02258  0.008191 0.0002302     0.062         1       640    0.5371    0.4512    0.4052    0.1705   0.04932   0.04932   0.04932
   289/299     3.67G   0.02229  0.008141 0.0002403   0.06135         2       640    0.5746    0.4296     0.406    0.1706   0.04929   0.04929   0.04929
   290/299     3.67G   0.02239  0.008193 0.0002376   0.06164         3       640    0.5326    0.4546     0.406    0.1695   0.04936   0.04936   0.04936
   291/299     3.67G   0.02216  0.008067 0.0002465   0.06095         2       640    0.5747    0.4272    0.4058    0.1698   0.04947   0.04947   0.04947
   292/299     3.67G   0.02277  0.008093 0.0002102   0.06214         5       640    0.5458    0.4418    0.3987    0.1685   0.04969   0.04969   0.04969
   293/299     3.67G   0.02263  0.007957 0.0003051   0.06178         4       640    0.5523    0.4352    0.4027    0.1688   0.04977   0.04977   0.04977
   294/299     3.67G   0.02241  0.008281 0.0001871   0.06176         3       640    0.5585    0.4446    0.4091    0.1706    0.0498    0.0498    0.0498
   295/299     3.67G   0.02206  0.007865 0.0001938   0.06024         1       640    0.5423    0.4497    0.4126    0.1735    0.0498    0.0498    0.0498
   296/299     3.67G   0.02212  0.007853 0.0001368   0.06023         2       640    0.5819    0.4406    0.4202    0.1757   0.04989   0.04989   0.04989
   297/299     3.67G   0.02259  0.008159 0.0002415   0.06199         2       640    0.5903    0.4469    0.4231    0.1773   0.04996   0.04996   0.04996
   298/299     3.67G   0.02262  0.007999 0.0001037   0.06144         1       640    0.6025    0.4402    0.4254    0.1793    0.0499    0.0499    0.0499
   299/299     3.67G   0.02256  0.007932 0.0001668   0.06132         5       640    0.5685    0.4553    0.4216    0.1778   0.04987   0.04987   0.04987
