     0/299     2.18G   0.09816  0.009608   0.02714    0.2698         1       640         0         0         0         0   0.08428   0.08428   0.08428
     1/299     3.67G   0.08393   0.01067   0.02492     0.239         4       640         0         0         0         0    0.0801    0.0801    0.0801
     2/299     3.67G   0.07811   0.01039   0.02269    0.2224         2       640         0         0         0         0   0.07083   0.07083   0.07083
     3/299     3.67G   0.07437   0.01016   0.02155    0.2122         1       640         0         0         0         0   0.06929   0.06929   0.06929
     4/299     3.67G   0.07058   0.01005   0.01931    0.1999         3       640         0         0         0         0   0.06465   0.06465   0.06465
     5/299     3.67G   0.06716    0.0101   0.01793    0.1904         5       640 0.0006778   0.04775 9.462e-05 1.965e-05   0.06089   0.06089   0.06089
     6/299     3.67G   0.06561    0.0101   0.01645    0.1843         3       640  0.001245    0.2449  0.000553 0.0001004    0.0637    0.0637    0.0637
     7/299     3.67G   0.06319  0.009929   0.01546    0.1772         4       640   0.00186    0.3028  0.001049 0.0002233   0.06557   0.06557   0.06557
     8/299     3.67G   0.06061  0.009807    0.0136     0.168         3       640  0.002922    0.3657  0.001357 0.0003333   0.06065   0.06065   0.06065
     9/299     3.67G    0.0602  0.009394   0.01283    0.1648         2       640   0.04601   0.02667   0.01554  0.003814   0.05925   0.05925   0.05925
    10/299     3.67G   0.05837  0.009259   0.01237      0.16         3       640   0.07302    0.1866   0.03356  0.009256   0.05779   0.05779   0.05779
    11/299     3.67G   0.05776  0.008501   0.01071    0.1539         5       640    0.1536    0.1206   0.06531   0.02111   0.05588   0.05588   0.05588
    12/299     3.67G   0.05717  0.008084  0.009435    0.1494         6       640     0.112    0.1376   0.05475   0.01662   0.05794   0.05794   0.05794
    13/299     3.67G   0.05498  0.007927    0.0088    0.1434         3       640    0.1585    0.1641    0.0844   0.01802   0.06524   0.06524   0.06524
    14/299     3.67G   0.05457  0.007376  0.009112    0.1421         5       640    0.4393    0.2011    0.2089   0.07385    0.0551    0.0551    0.0551
    15/299     3.67G   0.05343  0.007112  0.007923    0.1369         5       640    0.3217    0.2344    0.2131   0.08384   0.05583   0.05583   0.05583
    16/299     3.67G   0.05287  0.006836  0.007604    0.1346         6       640     0.313     0.253    0.2249   0.07792   0.05446   0.05446   0.05446
    17/299     3.67G   0.05248  0.006369  0.006932    0.1316         2       640     0.439     0.289    0.2886   0.09639   0.05638   0.05638   0.05638
    18/299     3.67G   0.05127  0.006279  0.006054    0.1272         5       640    0.5487    0.2512    0.2831   0.09915   0.05589   0.05589   0.05589
    19/299     3.67G   0.05113  0.005939  0.005772    0.1257         2       640     0.551    0.2875    0.3317     0.127   0.05195   0.05195   0.05195
    20/299     3.67G   0.05017  0.005827  0.005337    0.1227         2       640    0.3946    0.3561    0.3072    0.1135   0.05209   0.05209   0.05209
    21/299     3.67G     0.051  0.005988  0.005867    0.1257         4       640    0.2975    0.2658    0.2017   0.07873   0.05503   0.05503   0.05503
    22/299     3.67G   0.04989   0.00579  0.005018    0.1214         8       640    0.4096    0.3412    0.3114    0.1233   0.05204   0.05204   0.05204
    23/299     3.67G   0.04876  0.005504  0.004704    0.1179         3       640    0.4628    0.2643    0.2776    0.1077   0.05311   0.05311   0.05311
    24/299     3.67G   0.04882  0.005565  0.004333    0.1174         4       640    0.5683     0.275    0.2991    0.1116   0.05285   0.05285   0.05285
    25/299     3.67G   0.04819  0.005373  0.004235    0.1156         5       640    0.4833     0.342    0.3331    0.1407   0.05039   0.05039   0.05039
    26/299     3.67G   0.04678  0.005437  0.003932    0.1123         2       640    0.6479    0.3333    0.3927    0.1616    0.0501    0.0501    0.0501
    27/299     3.67G   0.04665  0.005243  0.003704    0.1112         4       640    0.5294     0.364    0.3737    0.1589   0.05051   0.05051   0.05051
    28/299     3.67G   0.04698  0.005268  0.003869    0.1122         4       640      0.56    0.3682    0.3804    0.1518   0.05115   0.05115   0.05115
    29/299     3.67G    0.0465  0.005311  0.004009    0.1116         8       640    0.5446    0.3718    0.3705    0.1395   0.05138   0.05138   0.05138
    30/299     3.67G   0.04595  0.005124  0.003856    0.1099         1       640    0.5127    0.3052    0.2849    0.1014    0.0535    0.0535    0.0535
    31/299     3.67G   0.04615  0.005232  0.003809    0.1104         1       640    0.4657    0.3916    0.3514    0.1335   0.05256   0.05256   0.05256
    32/299     3.67G   0.04486  0.004946  0.002837    0.1053         6       640     0.675    0.3493    0.4319    0.1733   0.04891   0.04891   0.04891
    33/299     3.67G   0.04524  0.004926  0.002457    0.1052         5       640    0.4936    0.4492    0.4237    0.1626   0.04962   0.04962   0.04962
    34/299     3.67G   0.04531  0.004891  0.003063    0.1065         4       640    0.5207    0.4194    0.3974    0.1524   0.04913   0.04913   0.04913
    35/299     3.67G   0.04442  0.004594  0.002579    0.1032         6       640    0.5623    0.3792    0.3788    0.1546   0.04969   0.04969   0.04969
    36/299     3.67G   0.04431  0.004774  0.002324    0.1028         6       640    0.5758    0.3796     0.379    0.1402   0.05219   0.05219   0.05219
    37/299     3.67G   0.04382  0.004697  0.002743    0.1025         5       640    0.5623    0.3791    0.3589     0.144   0.05134   0.05134   0.05134
    38/299     3.67G   0.04376  0.004739  0.002702    0.1024         3       640    0.5249    0.4003    0.3904    0.1619   0.04862   0.04862   0.04862
    39/299     3.67G   0.04348  0.004597  0.002348    0.1009         4       640    0.5416    0.3825    0.3803     0.153   0.05065   0.05065   0.05065
    40/299     3.67G   0.04358  0.004519  0.001998    0.1002         2       640     0.525    0.3866    0.3791    0.1501   0.05008   0.05008   0.05008
    41/299     3.67G   0.04246  0.004513  0.002187   0.09831         3       640    0.5331    0.3565    0.3475    0.1455    0.0498    0.0498    0.0498
    42/299     3.67G   0.04271  0.004597  0.002568   0.09976         3       640    0.4812    0.4536    0.4145    0.1623    0.0502    0.0502    0.0502
    43/299     3.67G   0.04243  0.004411  0.002012    0.0977         3       640    0.4968    0.3617    0.3655    0.1507   0.04924   0.04924   0.04924
    44/299     3.67G   0.04237  0.004392  0.001947   0.09741         4       640    0.4419    0.3989    0.3379    0.1393   0.05144   0.05144   0.05144
    45/299     3.67G   0.04265  0.004337  0.002205   0.09838         2       640    0.4451    0.4005    0.3316    0.1345   0.04813   0.04813   0.04813
    46/299     3.67G   0.04161  0.004384  0.001988   0.09596         2       640     0.722    0.3377    0.3998    0.1621   0.05121   0.05121   0.05121
    47/299     3.67G   0.04189  0.004325  0.002215   0.09686         5       640    0.5751    0.4056    0.4083    0.1567   0.05055   0.05055   0.05055
    48/299     3.67G   0.04146  0.004266  0.001871   0.09519         5       640    0.4506    0.4363    0.3675    0.1438   0.04959   0.04959   0.04959
    49/299     3.67G   0.04146  0.004283    0.0019   0.09529         7       640     0.658    0.3314     0.379     0.153   0.05076   0.05076   0.05076
    50/299     3.67G   0.04119  0.004293  0.002298   0.09557         2       640     0.623    0.3639    0.4021    0.1669   0.04925   0.04925   0.04925
    51/299     3.67G   0.04117   0.00422  0.001972   0.09473         3       640    0.4336    0.3692    0.3422    0.1378   0.04991   0.04991   0.04991
    52/299     3.67G   0.04079  0.004239   0.00215   0.09436         5       640    0.5354    0.4019      0.37    0.1526   0.04874   0.04874   0.04874
    53/299     3.67G   0.04069  0.004244  0.002129   0.09413         5       640    0.6358    0.3828    0.4441    0.1855   0.04829   0.04829   0.04829
    54/299     3.67G   0.04039  0.004183  0.002426     0.094         3       640     0.549    0.3731    0.4087    0.1625    0.0486    0.0486    0.0486
    55/299     3.67G   0.04047  0.004163  0.001833   0.09293         3       640    0.5612    0.3445    0.3992    0.1808   0.04781   0.04781   0.04781
    56/299     3.67G   0.03966  0.004232  0.001696   0.09118         4       640    0.5172    0.4299    0.4151    0.1836   0.04707   0.04707   0.04707
    57/299     3.67G   0.04016  0.004107  0.001526   0.09158         6       640    0.5395    0.4743    0.4422    0.1847   0.04732   0.04732   0.04732
    58/299     3.67G   0.03945  0.004008   0.00132   0.08955         3       640     0.621    0.4707    0.4808    0.2005   0.04918   0.04918   0.04918
    59/299     3.67G   0.03987   0.00401  0.001575   0.09092         2       640    0.5769    0.4226     0.421    0.1617   0.04827   0.04827   0.04827
    60/299     3.67G   0.03996  0.003981  0.001449   0.09078         5       640    0.4827    0.4242    0.4026    0.1682   0.04739   0.04739   0.04739
    61/299     3.67G   0.03919  0.004009   0.00138   0.08916         3       640    0.5386    0.3832    0.4085    0.1681   0.04716   0.04716   0.04716
    62/299     3.67G   0.03915  0.003933  0.001701   0.08957         2       640    0.5439    0.4681    0.4318    0.1809   0.04819   0.04819   0.04819
    63/299     3.67G   0.03875  0.003927  0.001175   0.08771         4       640    0.5638    0.4876    0.4705    0.2109   0.04682   0.04682   0.04682
    64/299     3.67G   0.03895  0.003936  0.001248   0.08826         4       640    0.5416    0.4342    0.4241    0.1783   0.04842   0.04842   0.04842
    65/299     3.67G   0.03838  0.003846 0.0009785   0.08642         3       640    0.5625    0.4338    0.4303    0.1795   0.04687   0.04687   0.04687
    66/299     3.67G   0.03856  0.003832 0.0009767   0.08674         2       640    0.5656    0.4821    0.4363     0.173   0.04865   0.04865   0.04865
    67/299     3.67G   0.03812  0.003772  0.000916   0.08562         7       640    0.5637    0.3751    0.3898    0.1621   0.04918   0.04918   0.04918
    68/299     3.67G   0.03765  0.003773  0.000898   0.08465         6       640    0.4765    0.4404    0.4184    0.1688   0.04874   0.04874   0.04874
    69/299     3.67G   0.03787  0.003789  0.001052   0.08542         3       640    0.6148    0.3605    0.4029    0.1766    0.0478    0.0478    0.0478
    70/299     3.67G   0.03726  0.003725 0.0009648    0.0839         4       640    0.5696    0.4353    0.4217    0.1846   0.04659   0.04659   0.04659
    71/299     3.67G   0.03795  0.003808  0.001444    0.0864         2       640    0.5669    0.4176    0.4244    0.1787   0.04803   0.04803   0.04803
    72/299     3.67G   0.03748  0.003716 0.0009879   0.08437         3       640    0.4754    0.4933    0.4512    0.1773   0.04736   0.04736   0.04736
    73/299     3.67G   0.03668  0.003607 0.0009904   0.08256         3       640    0.5498    0.4077    0.4422    0.1793   0.04733   0.04733   0.04733
    74/299     3.67G   0.03707  0.003665 0.0009003   0.08327         8       640    0.5735    0.4339    0.4454    0.1877   0.04673   0.04673   0.04673
    75/299     3.67G   0.03707  0.003739  0.001094   0.08381         5       640    0.5118    0.5127     0.465    0.1903   0.04852   0.04852   0.04852
    76/299     3.67G   0.03642   0.00365 0.0007503   0.08163         2       640    0.5659    0.4819    0.4726    0.1979   0.04654   0.04654   0.04654
    77/299     3.67G   0.03717  0.003689  0.001313   0.08434         2       640    0.5143    0.4184    0.3913    0.1518   0.05007   0.05007   0.05007
    78/299     3.67G   0.03762  0.003728  0.001349    0.0854         0       640    0.5517    0.4456    0.4523    0.1964   0.04752   0.04752   0.04752
    79/299     3.67G   0.03657  0.003667  0.001053   0.08257         4       640    0.7176    0.4681     0.519    0.2204   0.04814   0.04814   0.04814
    80/299     3.67G   0.03693  0.003714  0.001068   0.08343         6       640    0.7267    0.4552    0.5037    0.2157   0.04687   0.04687   0.04687
    81/299     3.67G   0.03661  0.003773 0.0009007   0.08257         6       640    0.6818    0.4059    0.4718    0.2098   0.04665   0.04665   0.04665
    82/299     3.67G   0.03648  0.003612 0.0007879   0.08176         2       640    0.6001    0.4384    0.4608    0.1933   0.04634   0.04634   0.04634
    83/299     3.67G   0.03691  0.003497 0.0007095   0.08224         4       640    0.6428    0.4528    0.4619    0.1956   0.04743   0.04743   0.04743
    84/299     3.67G   0.03591  0.003544  0.000682   0.08027         4       640     0.533    0.4615    0.4402     0.188   0.04777   0.04777   0.04777
    85/299     3.67G     0.036  0.003488 0.0008761   0.08073         4       640    0.4653    0.5036      0.43    0.1829   0.04748   0.04748   0.04748
    86/299     3.67G   0.03522  0.003454 0.0007673   0.07887         3       640    0.7022     0.388    0.4749    0.1959   0.04746   0.04746   0.04746
    87/299     3.67G    0.0357  0.003464 0.0009167   0.08016         2       640    0.6274    0.3789    0.4165    0.1888   0.04557   0.04557   0.04557
    88/299     3.67G    0.0357  0.003518 0.0008507   0.08013         3       640    0.5768    0.4078     0.417    0.1772   0.04766   0.04766   0.04766
    89/299     3.67G   0.03508  0.003512  0.001099   0.07939         1       640    0.6498    0.4627    0.4867    0.2029   0.04705   0.04705   0.04705
    90/299     3.67G   0.03564  0.003416 0.0006577   0.07943         1       640    0.5119    0.4379    0.4346    0.1909   0.04642   0.04642   0.04642
    91/299     3.67G    0.0352  0.003312  0.000796   0.07862         2       640    0.5629    0.3882    0.4397    0.1911   0.04645   0.04645   0.04645
    92/299     3.67G   0.03499  0.003461  0.000711   0.07833         5       640    0.6101     0.427    0.4599    0.2033   0.04661   0.04661   0.04661
    93/299     3.67G   0.03446  0.003386 0.0008223   0.07734         5       640    0.5543     0.413     0.411    0.1759   0.04666   0.04666   0.04666
    94/299     3.67G   0.03473  0.003457 0.0006619    0.0777         5       640    0.5157    0.4513     0.393    0.1559   0.04931   0.04931   0.04931
    95/299     3.67G   0.03489  0.003418 0.0009804   0.07858         4       640    0.5966    0.3956    0.4199    0.1741   0.04788   0.04788   0.04788
    96/299     3.67G   0.03459  0.003336 0.0007137   0.07727         3       640    0.5359    0.4083     0.419    0.1762   0.04742   0.04742   0.04742
    97/299     3.67G   0.03458  0.003432 0.0007125   0.07744         3       640     0.565    0.4662    0.4483    0.1909   0.04605   0.04605   0.04605
    98/299     3.67G   0.03474  0.003424 0.0007739   0.07787         3       640    0.5374    0.4458    0.4318    0.1804   0.04854   0.04854   0.04854
    99/299     3.67G   0.03475  0.003406  0.001004   0.07831         4       640     0.578    0.4172    0.4153    0.1752   0.04731   0.04731   0.04731
   100/299     3.67G    0.0347  0.003314  0.001003   0.07804         5       640    0.4918    0.4218    0.4022      0.17   0.04759   0.04759   0.04759
   101/299     3.67G   0.03492  0.003413 0.0008439   0.07836         6       640    0.4938    0.3784    0.3787    0.1541   0.04841   0.04841   0.04841
   102/299     3.67G   0.03388  0.003307 0.0008887   0.07614         5       640    0.5286     0.437    0.4068    0.1697   0.04739   0.04739   0.04739
   103/299     3.67G   0.03414  0.003318  0.000796    0.0765         2       640    0.6172    0.4158    0.4291    0.1795   0.04778   0.04778   0.04778
   104/299     3.67G   0.03393  0.003379 0.0008141   0.07625         3       640    0.4447    0.4506    0.4055    0.1725   0.04761   0.04761   0.04761
   105/299     3.67G   0.03356  0.003332 0.0005912   0.07497         1       640    0.5275     0.448    0.4513    0.1958   0.04715   0.04715   0.04715
   106/299     3.67G   0.03369  0.003244 0.0006357   0.07514         2       640    0.6123    0.3775     0.414    0.1747   0.04748   0.04748   0.04748
   107/299     3.67G   0.03321  0.003233 0.0007327   0.07436         1       640    0.6072    0.3718    0.4033    0.1708   0.04752   0.04752   0.04752
   108/299     3.67G   0.03355  0.003277 0.0007125   0.07509         4       640    0.5153    0.3776    0.3933    0.1729   0.04724   0.04724   0.04724
   109/299     3.67G   0.03365  0.003357 0.0007058   0.07542         2       640    0.6303    0.3776    0.3795    0.1696   0.04744   0.04744   0.04744
   110/299     3.67G   0.03299  0.003287 0.0005706   0.07369         2       640    0.5408    0.4283    0.4234    0.1933   0.04734   0.04734   0.04734
   111/299     3.67G    0.0325   0.00326 0.0006039   0.07273         5       640    0.5818    0.4413    0.4327    0.1846   0.04791   0.04791   0.04791
   112/299     3.67G   0.03311  0.003215 0.0005415   0.07373         3       640    0.4924    0.4907    0.4314    0.1942   0.04724   0.04724   0.04724
   113/299     3.67G   0.03316  0.003219  0.000618     0.074         3       640    0.5816    0.4152     0.412    0.1818   0.04727   0.04727   0.04727
   114/299     3.67G   0.03258  0.003129 0.0005917    0.0726         4       640    0.5225    0.4309    0.4194    0.1819   0.04753   0.04753   0.04753
   115/299     3.67G   0.03273  0.003275 0.0006564   0.07332         1       640    0.5335    0.4521    0.4387    0.1895   0.04639   0.04639   0.04639
   116/299     3.67G    0.0327  0.003166 0.0006118   0.07296         7       640    0.7152    0.3642     0.427    0.1827   0.04837   0.04837   0.04837
   117/299     3.67G   0.03205  0.003082 0.0004468   0.07116         4       640    0.6219    0.3693    0.4145    0.1829   0.04762   0.04762   0.04762
   118/299     3.67G    0.0325  0.003165 0.0007931   0.07292         4       640    0.6369    0.4217    0.4494    0.2001    0.0473    0.0473    0.0473
   119/299     3.67G   0.03234  0.003195 0.0009217   0.07291         4       640    0.6096    0.3976    0.4272    0.1853   0.04753   0.04753   0.04753
   120/299     3.67G   0.03166   0.00312 0.0006204    0.0708         4       640    0.5983    0.4093    0.4372    0.1868   0.04772   0.04772   0.04772
   121/299     3.67G   0.03192  0.003148 0.0005395   0.07122         6       640    0.6123    0.4279    0.4344    0.1754   0.04906   0.04906   0.04906
   122/299     3.67G   0.03206  0.003209 0.0004327   0.07141         1       640    0.6805    0.3782    0.4202    0.1766   0.04741   0.04741   0.04741
   123/299     3.67G   0.03218  0.003127 0.0004058   0.07143         5       640    0.5705    0.4405    0.4287     0.189   0.04701   0.04701   0.04701
   124/299     3.67G    0.0315  0.003142  0.000521   0.07032         4       640    0.7011    0.3967    0.4436    0.1993   0.04699   0.04699   0.04699
   125/299     3.67G   0.03191  0.003187  0.000624   0.07144         2       640     0.578      0.47    0.4573    0.1928   0.04713   0.04713   0.04713
   126/299     3.67G   0.03146  0.003037 0.0004291   0.06985         1       640     0.559    0.4133    0.3974    0.1767   0.04692   0.04692   0.04692
   127/299     3.67G   0.03166  0.003088   0.00075     0.071         3       640    0.5053    0.4455    0.4207    0.1752    0.0473    0.0473    0.0473
   128/299     3.67G   0.03152  0.003183 0.0004627   0.07032         2       640    0.5274    0.4153    0.4121    0.1773   0.04656   0.04656   0.04656
   129/299     3.67G   0.03097  0.003017 0.0004804   0.06894         1       640    0.5869    0.4097    0.4275     0.187    0.0471    0.0471    0.0471
   130/299     3.67G   0.03131  0.003072 0.0004631   0.06969         5       640    0.5797    0.4588    0.4465     0.193   0.04739   0.04739   0.04739
   131/299     3.67G   0.03121  0.003099  0.000417   0.06945         1       640    0.6169    0.3898    0.4008    0.1728   0.04705   0.04705   0.04705
   132/299     3.67G   0.03122  0.003009 0.0004864   0.06943         4       640    0.5364     0.408    0.4146    0.1883   0.04606   0.04606   0.04606
   133/299     3.67G   0.03126  0.003077 0.0004652    0.0696         2       640    0.5588    0.4258     0.424    0.1873   0.04695   0.04695   0.04695
   134/299     3.67G   0.03061  0.003042 0.0004591   0.06822         3       640    0.5403    0.4262    0.4224    0.1787   0.04756   0.04756   0.04756
   135/299     3.67G   0.03102  0.003175 0.0004664   0.06933         2       640    0.5518     0.419    0.3996    0.1803   0.04667   0.04667   0.04667
   136/299     3.67G   0.03136  0.003081 0.0005919   0.07006         8       640    0.5928    0.4393     0.456    0.1982   0.04655   0.04655   0.04655
   137/299     3.67G   0.03054  0.003042 0.0005328   0.06822         3       640     0.664    0.4112    0.4533    0.1966   0.04674   0.04674   0.04674
   138/299     3.67G   0.03075  0.003054 0.0006012   0.06881         5       640     0.502    0.4319    0.4143    0.1806   0.04667   0.04667   0.04667
   139/299     3.67G   0.03136  0.003045 0.0006288   0.07007         3       640    0.6234    0.4412    0.4516    0.1974    0.0472    0.0472    0.0472
   140/299     3.67G   0.03086  0.003011   0.00062   0.06898         1       640    0.6072    0.4025    0.4403    0.1842    0.0479    0.0479    0.0479
   141/299     3.67G   0.03076  0.002994  0.000488   0.06849         2       640    0.6724    0.3867    0.4385    0.1863    0.0477    0.0477    0.0477
   142/299     3.67G    0.0309  0.003007  0.000612   0.06904         1       640    0.5254    0.4535    0.4333    0.1878   0.04711   0.04711   0.04711
   143/299     3.67G   0.03065  0.003049 0.0005548    0.0685         6       640    0.6309    0.4112    0.4353    0.1833   0.04686   0.04686   0.04686
   144/299     3.67G   0.03045  0.003094 0.0006437   0.06838         2       640    0.6136    0.3925    0.4143    0.1736   0.04662   0.04662   0.04662
   145/299     3.67G   0.02994  0.003008 0.0003656   0.06663         4       640    0.6608    0.4259    0.4412     0.183   0.04717   0.04717   0.04717
   146/299     3.67G   0.02983  0.003022 0.0003522   0.06641         4       640    0.5963    0.4346    0.4402    0.1934   0.04746   0.04746   0.04746
   147/299     3.67G   0.03025  0.002996 0.0007033   0.06791         4       640    0.5496    0.4379    0.4207    0.1875   0.04705   0.04705   0.04705
   148/299     3.67G   0.03034   0.00311 0.0007215   0.06834         4       640    0.5634    0.4184    0.4151    0.1836   0.04623   0.04623   0.04623
   149/299     3.67G   0.02987  0.002935 0.0004778   0.06657         3       640     0.596    0.4537     0.454    0.1943   0.04642   0.04642   0.04642
   150/299     3.67G   0.02981  0.002972 0.0005277   0.06662         2       640    0.6015    0.4555    0.4596    0.1973   0.04639   0.04639   0.04639
   151/299     3.67G   0.02958   0.00285 0.0004899   0.06584         4       640    0.6064     0.424    0.4328    0.1897   0.04686   0.04686   0.04686
   152/299     3.67G    0.0295  0.002884 0.0004609   0.06568         7       640    0.6326    0.4318    0.4515    0.1959   0.04631   0.04631   0.04631
   153/299     3.67G   0.02952  0.002992 0.0004786   0.06599         3       640    0.5947    0.4918    0.4981    0.2106   0.04686   0.04686   0.04686
   154/299     3.67G   0.02974  0.002948 0.0004806   0.06633         2       640    0.6268    0.4218    0.4656    0.2029   0.04682   0.04682   0.04682
   155/299     3.67G   0.02957  0.003009 0.0004323   0.06602         3       640    0.6578     0.414     0.464    0.2059   0.04651   0.04651   0.04651
   156/299     3.67G   0.02896  0.002837 0.0003237   0.06425         2       640    0.6366    0.3917    0.4242    0.1874   0.04675   0.04675   0.04675
   157/299     3.67G   0.02911  0.002871 0.0002645   0.06449         2       640    0.5555    0.4035    0.3991    0.1785   0.04725   0.04725   0.04725
   158/299     3.67G   0.02921  0.002863 0.0002772    0.0647         3       640    0.5153      0.45    0.4198    0.1845   0.04712   0.04712   0.04712
   159/299     3.67G   0.02874  0.002887 0.0005654   0.06439         4       640    0.5937    0.4459    0.4569    0.1995   0.04653   0.04653   0.04653
   160/299     3.67G   0.02868  0.002845 0.0005847   0.06422         4       640    0.6772    0.4342    0.4723     0.207   0.04609   0.04609   0.04609
   161/299     3.67G   0.02916   0.00288 0.0004719   0.06502         1       640    0.6711    0.4337    0.4542    0.1927   0.04655   0.04655   0.04655
   162/299     3.67G   0.02883  0.002867 0.0003647   0.06413         6       640     0.588    0.4559    0.4306    0.1899   0.04673   0.04673   0.04673
   163/299     3.67G    0.0289  0.002911  0.000717   0.06506         2       640    0.4853    0.4542    0.4063    0.1793   0.04656   0.04656   0.04656
   164/299     3.67G   0.02878  0.002805 0.0003904   0.06395         7       640     0.576    0.4338    0.4295    0.1889   0.04694   0.04694   0.04694
   165/299     3.67G   0.02892  0.002884 0.0004134   0.06443         3       640    0.6072    0.4399    0.4199    0.1933   0.04673   0.04673   0.04673
   166/299     3.67G    0.0284  0.002924 0.0004072   0.06346         3       640    0.6652    0.4206    0.4526     0.204   0.04698   0.04698   0.04698
   167/299     3.67G   0.02882   0.00283 0.0004412   0.06419         3       640    0.6007    0.4446    0.4434    0.1979   0.04724   0.04724   0.04724
   168/299     3.67G   0.02881  0.002814 0.0005033   0.06425         3       640    0.6118    0.4453    0.4387    0.1951   0.04754   0.04754   0.04754
   169/299     3.67G   0.02852  0.002807 0.0004157   0.06349         3       640    0.6757    0.3965    0.4491     0.199   0.04689   0.04689   0.04689
   170/299     3.67G   0.02895  0.002907 0.0005296   0.06476         3       640    0.5721    0.4118    0.4252    0.1924   0.04724   0.04724   0.04724
   171/299     3.67G   0.02837  0.002837 0.0003318   0.06308         2       640    0.6645    0.4051    0.4407     0.193   0.04707   0.04707   0.04707
   172/299     3.67G   0.02826  0.002817 0.0003836   0.06291         2       640     0.685    0.3867    0.4414    0.1941   0.04748   0.04748   0.04748
   173/299     3.67G   0.02837   0.00282 0.0004386   0.06327         6       640    0.6759    0.3939    0.4392    0.1922   0.04748   0.04748   0.04748
   174/299     3.67G   0.02837  0.002797  0.000278   0.06288         2       640    0.6675    0.3865    0.4312    0.1946   0.04774   0.04774   0.04774
   175/299     3.67G   0.02835  0.002786 0.0002958   0.06286         2       640     0.636    0.3906    0.4339    0.1933   0.04691   0.04691   0.04691
   176/299     3.67G   0.02815  0.002796  0.000461   0.06281         5       640     0.622    0.4134    0.4204    0.1885    0.0472    0.0472    0.0472
   177/299     3.67G   0.02816  0.002817 0.0003947   0.06274         3       640    0.5356    0.4114    0.4033    0.1821   0.04717   0.04717   0.04717
   178/299     3.67G   0.02809  0.002762 0.0003533   0.06242         3       640    0.6194    0.4011    0.4186    0.1887   0.04719   0.04719   0.04719
   179/299     3.67G   0.02822   0.00283 0.0004901   0.06308         4       640    0.5433    0.4574    0.4458    0.1992   0.04702   0.04702   0.04702
   180/299     3.67G   0.02779  0.002794 0.0004111   0.06199         4       640     0.528    0.4529    0.4274    0.1971   0.04711   0.04711   0.04711
   181/299     3.67G   0.02779  0.002799 0.0003344   0.06184         3       640    0.5577    0.4521    0.4336     0.196    0.0467    0.0467    0.0467
   182/299     3.67G   0.02746  0.002768 0.0005603   0.06158         1       640    0.6637    0.4034    0.4381    0.1986   0.04635   0.04635   0.04635
   183/299     3.67G   0.02817  0.002769 0.0004061   0.06269         0       640    0.5216    0.4425    0.4168    0.1919    0.0465    0.0465    0.0465
   184/299     3.67G   0.02765    0.0027 0.0003527   0.06141         3       640    0.5651    0.4073    0.4048    0.1829   0.04673   0.04673   0.04673
   185/299     3.67G    0.0272   0.00277 0.0004466   0.06084         1       640    0.5181    0.4727    0.4394    0.2001   0.04653   0.04653   0.04653
   186/299     3.67G    0.0273  0.002724 0.0004062   0.06085         4       640    0.5836    0.4365    0.4496    0.2005   0.04683   0.04683   0.04683
   187/299     3.67G   0.02678  0.002687 0.0003305    0.0596         5       640    0.5847    0.4365    0.4273    0.1955   0.04671   0.04671   0.04671
   188/299     3.67G   0.02725  0.002651 0.0003492    0.0605         3       640    0.6666    0.4202    0.4341    0.1938   0.04703   0.04703   0.04703
   189/299     3.67G    0.0271  0.002706 0.0002647   0.06014         2       640    0.5982    0.4207    0.4166    0.1863   0.04728   0.04728   0.04728
   190/299     3.67G   0.02688  0.002673 0.0002705   0.05964         3       640    0.6297     0.428    0.4269    0.1907   0.04659   0.04659   0.04659
   191/299     3.67G   0.02713   0.00272 0.0004713   0.06064         4       640    0.6408    0.4123    0.4252    0.1897   0.04745   0.04745   0.04745
   192/299     3.67G   0.02719  0.002737 0.0005499   0.06096         2       640    0.6294    0.4177    0.4147    0.1844   0.04767   0.04767   0.04767
   193/299     3.67G   0.02735  0.002737 0.0003568   0.06089         2       640    0.6031    0.4358    0.4328    0.1964   0.04709   0.04709   0.04709
   194/299     3.67G   0.02663  0.002701 0.0003073   0.05927         2       640    0.5533    0.4536    0.4265    0.1905   0.04699   0.04699   0.04699
   195/299     3.67G   0.02724  0.002686 0.0003936   0.06065         2       640    0.6202    0.4046    0.4199     0.188   0.04701   0.04701   0.04701
   196/299     3.67G   0.02686  0.002703  0.000373   0.05986         1       640    0.6081    0.3995    0.4229    0.1899   0.04726   0.04726   0.04726
   197/299     3.67G   0.02674  0.002659 0.0003777   0.05955         2       640    0.5415    0.4497    0.4253    0.1965   0.04677   0.04677   0.04677
   198/299     3.67G   0.02647  0.002665 0.0002055   0.05867         3       640    0.5819    0.4397    0.4347       0.2   0.04688   0.04688   0.04688
   199/299     3.67G    0.0263  0.002717 0.0002389   0.05851         6       640    0.5528    0.4403      0.42    0.1875   0.04723   0.04723   0.04723
   200/299     3.67G   0.02643  0.002636 0.0003243   0.05877         4       640    0.5863    0.4263     0.422    0.1937   0.04712   0.04712   0.04712
   201/299     3.67G    0.0267  0.002626 0.0004584   0.05958         2       640    0.6022    0.4448    0.4216      0.19     0.047     0.047     0.047
   202/299     3.67G   0.02652   0.00261  0.000268    0.0588         6       640    0.6349    0.4246    0.4245    0.1875   0.04737   0.04737   0.04737
   203/299     3.67G   0.02622  0.002659 0.0002275   0.05821         4       640    0.5572    0.4678    0.4277    0.1883   0.04731   0.04731   0.04731
   204/299     3.67G   0.02589  0.002553 0.0002614   0.05742         2       640    0.5752     0.447    0.4243    0.1872   0.04732   0.04732   0.04732
   205/299     3.67G   0.02639  0.002694 0.0003384   0.05886         3       640    0.5767    0.4374      0.43    0.1992   0.04653   0.04653   0.04653
   206/299     3.67G   0.02589  0.002568 0.0002225   0.05737         2       640    0.6606    0.4002    0.4299    0.2008   0.04648   0.04648   0.04648
   207/299     3.67G   0.02648  0.002674 0.0002869   0.05889         4       640    0.6103    0.4206    0.4273    0.1944   0.04668   0.04668   0.04668
   208/299     3.67G   0.02591  0.002616  0.000277    0.0576         1       640    0.5292    0.4611    0.4078    0.1841   0.04695   0.04695   0.04695
   209/299     3.67G   0.02598  0.002675 0.0004654   0.05823         1       640    0.5999    0.4609     0.426    0.1909   0.04676   0.04676   0.04676
   210/299     3.67G   0.02619  0.002576 0.0003073   0.05815         4       640    0.6541    0.3951    0.4188    0.1915   0.04641   0.04641   0.04641
   211/299     3.67G   0.02626  0.002604 0.0002096   0.05815         3       640     0.525    0.4565    0.4099    0.1882   0.04673   0.04673   0.04673
   212/299     3.67G   0.02587  0.002596 0.0003394   0.05762         2       640     0.506    0.4156    0.3891    0.1812   0.04678   0.04678   0.04678
   213/299     3.67G   0.02573  0.002688 0.0002642   0.05737         5       640    0.5233    0.4391    0.4018    0.1862   0.04695   0.04695   0.04695
   214/299     3.67G   0.02564  0.002625 0.0002098   0.05695         3       640    0.5454    0.4499    0.4203    0.1927   0.04703   0.04703   0.04703
   215/299     3.67G   0.02601  0.002585 0.0002543    0.0577         5       640     0.597    0.4442    0.4307    0.1948   0.04697   0.04697   0.04697
   216/299     3.67G   0.02594  0.002628 0.0002685   0.05768         3       640    0.6435    0.4172    0.4254     0.193   0.04695   0.04695   0.04695
   217/299     3.67G   0.02551  0.002579  0.000356    0.0569         3       640    0.6015    0.4447    0.4339    0.1943   0.04678   0.04678   0.04678
   218/299     3.67G   0.02577  0.002626 0.0002303   0.05724         5       640     0.549    0.4653    0.4264    0.1923   0.04682   0.04682   0.04682
   219/299     3.67G    0.0255  0.002578 0.0002854   0.05673         4       640    0.5479    0.4672    0.4201    0.1894    0.0466    0.0466    0.0466
   220/299     3.67G   0.02583   0.00266 0.0002439   0.05747         4       640    0.5789     0.447    0.4242    0.1943   0.04658   0.04658   0.04658
   221/299     3.67G   0.02513  0.002534 0.0002953   0.05591         3       640    0.5295    0.4672    0.4172    0.1923   0.04665   0.04665   0.04665
   222/299     3.67G   0.02523  0.002581 0.0003283   0.05628         1       640    0.5666     0.425    0.4023    0.1838   0.04691   0.04691   0.04691
   223/299     3.67G   0.02538   0.00256 0.0003723   0.05663         3       640      0.59    0.4348    0.4187    0.1883   0.04675   0.04675   0.04675
   224/299     3.67G    0.0252  0.002565   0.00048   0.05649         2       640    0.5627    0.4319    0.4128    0.1842   0.04666   0.04666   0.04666
   225/299     3.67G   0.02502  0.002589 0.0001681   0.05555         2       640    0.6076    0.4074     0.417    0.1867   0.04707   0.04707   0.04707
   226/299     3.67G   0.02484  0.002546 0.0001853   0.05515         5       640    0.6058    0.3951    0.4109    0.1827   0.04749   0.04749   0.04749
   227/299     3.67G   0.02476   0.00245 0.0003162   0.05505         6       640    0.5649    0.4346      0.42    0.1873    0.0475    0.0475    0.0475
   228/299     3.67G   0.02526   0.00264 0.0004225   0.05665         0       640     0.574    0.4376    0.4265     0.189   0.04726   0.04726   0.04726
   229/299     3.67G   0.02498  0.002588 0.0003334   0.05581         2       640    0.5161    0.4978    0.4356    0.1937    0.0468    0.0468    0.0468
   230/299     3.67G   0.02457  0.002468 0.0002807   0.05465         4       640    0.5158    0.4973    0.4279    0.1923   0.04676   0.04676   0.04676
   231/299     3.67G   0.02462  0.002559 0.0002883   0.05494         2       640    0.5524    0.4391    0.4223    0.1904    0.0468    0.0468    0.0468
   232/299     3.67G   0.02474  0.002551 0.0002941   0.05517         4       640    0.5763    0.4123    0.4109    0.1873   0.04667   0.04667   0.04667
   233/299     3.67G   0.02496  0.002536 0.0003145   0.05562         4       640    0.5438    0.4397     0.412    0.1866   0.04646   0.04646   0.04646
   234/299     3.67G   0.02479  0.002549 0.0003299   0.05533         2       640     0.561    0.4179     0.403    0.1851   0.04655   0.04655   0.04655
   235/299     3.67G    0.0251  0.002521 0.0002576   0.05577         4       640    0.5355    0.4243    0.4052    0.1832   0.04687   0.04687   0.04687
   236/299     3.67G     0.025  0.002573  0.000288   0.05572         2       640    0.5578    0.4211    0.4078    0.1817   0.04706   0.04706   0.04706
   237/299     3.67G   0.02467  0.002517  0.000352   0.05509         4       640    0.5565    0.4273    0.4115    0.1886   0.04704   0.04704   0.04704
   238/299     3.67G   0.02445  0.002519 0.0003075   0.05455         3       640    0.5234    0.4449     0.422    0.1926   0.04681   0.04681   0.04681
   239/299     3.67G    0.0246  0.002565 0.0003593   0.05505         3       640    0.5243    0.4409    0.4281    0.1934   0.04655   0.04655   0.04655
   240/299     3.67G   0.02467  0.002543 0.0004505   0.05533         2       640    0.5245    0.4309    0.4166    0.1888   0.04656   0.04656   0.04656
   241/299     3.67G   0.02408  0.002478 0.0002696   0.05366         1       640      0.58    0.4107    0.4154    0.1878   0.04666   0.04666   0.04666
   242/299     3.67G   0.02469  0.002436 0.0003988   0.05505         2       640    0.5557    0.4285    0.4174    0.1904   0.04671   0.04671   0.04671
   243/299     3.67G   0.02453  0.002478 0.0002737   0.05457         2       640    0.5969    0.4073    0.4188    0.1884   0.04676   0.04676   0.04676
   244/299     3.67G   0.02459  0.002537 0.0002739   0.05479         5       640    0.5174    0.4521    0.4222     0.189   0.04679   0.04679   0.04679
   245/299     3.67G   0.02434  0.002516 0.0003344   0.05438         2       640    0.5811    0.4102    0.4181     0.188   0.04672   0.04672   0.04672
   246/299     3.67G   0.02409   0.00253 0.0002652   0.05377         2       640    0.5267      0.46    0.4131    0.1823   0.04666   0.04666   0.04666
   247/299     3.67G   0.02446  0.002524 0.0002035   0.05438         3       640    0.5657    0.4447     0.411    0.1797   0.04683   0.04683   0.04683
   248/299     3.67G   0.02423  0.002488 0.0002396   0.05392         2       640    0.5489    0.4414    0.4065    0.1814   0.04695   0.04695   0.04695
   249/299     3.67G   0.02434  0.002548 0.0003169   0.05441         5       640    0.5722    0.4274    0.4145    0.1858   0.04677   0.04677   0.04677
   250/299     3.67G   0.02444  0.002454 0.0001974   0.05418         3       640    0.5858    0.4169    0.4221     0.189   0.04693   0.04693   0.04693
   251/299     3.67G   0.02411   0.00244 0.0002462    0.0536         2       640    0.5072    0.4683    0.4249    0.1919   0.04693   0.04693   0.04693
   252/299     3.67G   0.02433  0.002464 0.0002003     0.054         2       640     0.621    0.3979    0.4282    0.1931   0.04689   0.04689   0.04689
   253/299     3.67G   0.02388  0.002507 0.0001673   0.05311         8       640    0.6071    0.4169    0.4319    0.1955   0.04674   0.04674   0.04674
   254/299     3.67G   0.02409  0.002477 0.0002519   0.05363         3       640    0.6028    0.4283    0.4341    0.1958   0.04681   0.04681   0.04681
   255/299     3.67G   0.02393  0.002511 0.0003077   0.05349         3       640    0.5394    0.4465    0.4332    0.1945   0.04677   0.04677   0.04677
   256/299     3.67G   0.02428  0.002485 0.0002152   0.05395         4       640    0.5328     0.437    0.4254    0.1913   0.04693   0.04693   0.04693
   257/299     3.67G   0.02418  0.002579 0.0002792   0.05407         4       640    0.5675    0.4281    0.4273      0.19   0.04698   0.04698   0.04698
   258/299     3.67G    0.0234  0.002467 0.0002648   0.05226         5       640    0.5921    0.4125    0.4223    0.1871   0.04714   0.04714   0.04714
   259/299     3.67G   0.02374  0.002414 0.0002229   0.05274         4       640    0.5464     0.423     0.419    0.1882   0.04732   0.04732   0.04732
   260/299     3.67G   0.02343  0.002451 0.0002923   0.05235         4       640     0.631    0.3888    0.4219      0.19   0.04735   0.04735   0.04735
   261/299     3.67G   0.02393  0.002537 0.0002027   0.05335         7       640    0.6299    0.3789     0.416    0.1896   0.04729   0.04729   0.04729
   262/299     3.67G   0.02391  0.002453  0.000246   0.05322         1       640    0.5833    0.3883    0.4142    0.1906   0.04739   0.04739   0.04739
   263/299     3.67G   0.02353  0.002466 0.0002345   0.05247         3       640    0.6406     0.371    0.4141    0.1877   0.04747   0.04747   0.04747
   264/299     3.67G   0.02414  0.002458 0.0003353   0.05386         4       640    0.5295    0.4191    0.4077    0.1832   0.04753   0.04753   0.04753
   265/299     3.67G   0.02381  0.002394  0.000214   0.05283         4       640     0.681    0.3616    0.4062    0.1831   0.04755   0.04755   0.04755
   266/299     3.67G   0.02352  0.002427 0.0002946   0.05248         3       640    0.5362    0.4253    0.4115    0.1838   0.04749   0.04749   0.04749
   267/299     3.67G   0.02349  0.002399 0.0001872   0.05214         4       640    0.5318    0.4225    0.4073    0.1819   0.04736   0.04736   0.04736
   268/299     3.67G   0.02353    0.0024 0.0002619   0.05238         1       640    0.5624    0.4069    0.4037    0.1811   0.04739   0.04739   0.04739
   269/299     3.67G   0.02335  0.002388 0.0002642     0.052         2       640    0.6151    0.3856    0.4061    0.1813   0.04735   0.04735   0.04735
   270/299     3.67G   0.02324   0.00243 0.0001542   0.05165         2       640    0.6041    0.3972    0.4127    0.1866   0.04743   0.04743   0.04743
   271/299     3.67G   0.02327  0.002444 0.0001743   0.05178         2       640    0.6707    0.3793    0.4187    0.1888   0.04742   0.04742   0.04742
   272/299     3.67G   0.02315  0.002366  0.000172   0.05137         3       640    0.6678    0.3766    0.4155    0.1883    0.0474    0.0474    0.0474
   273/299     3.67G   0.02305  0.002438 0.0001923   0.05137         3       640    0.5581    0.4258    0.4212    0.1921   0.04747   0.04747   0.04747
   274/299     3.67G   0.02311  0.002431 0.0001873   0.05147         5       640    0.5789    0.4163    0.4189    0.1916   0.04751   0.04751   0.04751
   275/299     3.67G   0.02307  0.002407 0.0001781    0.0513         5       640    0.5707    0.4225    0.4197    0.1898   0.04736   0.04736   0.04736
   276/299     3.67G   0.02331  0.002414 0.0002656   0.05198         2       640    0.5999    0.4197     0.423    0.1908   0.04739   0.04739   0.04739
   277/299     3.67G   0.02314  0.002478 0.0002446   0.05172         3       640    0.5967    0.4219    0.4283    0.1897   0.04732   0.04732   0.04732
   278/299     3.67G   0.02314  0.002441 0.0003988   0.05197         2       640    0.6669    0.3875    0.4274    0.1912   0.04742   0.04742   0.04742
   279/299     3.67G   0.02311  0.002389  0.000264   0.05154         3       640      0.63    0.4069    0.4308     0.192   0.04741   0.04741   0.04741
   280/299     3.67G   0.02321  0.002453 0.0002831   0.05189         2       640    0.5817    0.4186    0.4286    0.1932   0.04726   0.04726   0.04726
   281/299     3.67G   0.02333   0.00238 0.0002821   0.05198         1       640    0.6523    0.3851    0.4143    0.1883   0.04729   0.04729   0.04729
   282/299     3.67G    0.0231  0.002396 0.0002062   0.05141         3       640    0.6496    0.3916    0.4092    0.1865   0.04734   0.04734   0.04734
   283/299     3.67G   0.02265  0.002388 0.0002387   0.05056         4       640    0.6555    0.3918    0.4113    0.1879   0.04725   0.04725   0.04725
   284/299     3.67G   0.02267  0.002359 0.0002811   0.05062         3       640    0.6116    0.3979     0.406    0.1853   0.04716   0.04716   0.04716
   285/299     3.67G   0.02295  0.002391 0.0001318   0.05094         4       640    0.5978    0.4043    0.4043    0.1833   0.04714   0.04714   0.04714
   286/299     3.67G   0.02288  0.002386 0.0002172   0.05097         3       640    0.6188     0.395    0.4061    0.1845   0.04705   0.04705   0.04705
   287/299     3.67G   0.02326  0.002444 0.0002887   0.05199         5       640     0.558    0.4218    0.4077    0.1856   0.04707   0.04707   0.04707
   288/299     3.67G     0.023  0.002438 0.0002494   0.05138         4       640    0.5536    0.4215    0.4075    0.1836   0.04703   0.04703   0.04703
   289/299     3.67G   0.02262  0.002413 0.0002086   0.05048         2       640    0.5579    0.4286    0.4064    0.1828   0.04704   0.04704   0.04704
   290/299     3.67G   0.02283  0.002399 0.0002801   0.05102         4       640    0.5569    0.4313    0.4084    0.1843   0.04709   0.04709   0.04709
   291/299     3.67G   0.02286  0.002367 0.0001253    0.0507         6       640    0.5697    0.4182    0.4027    0.1825   0.04713   0.04713   0.04713
   292/299     3.67G   0.02257  0.002381 0.0001639   0.05023         3       640    0.5666    0.4158    0.4023    0.1831   0.04709   0.04709   0.04709
   293/299     3.67G   0.02286  0.002371 0.0002248   0.05092         8       640    0.5977     0.406    0.4032    0.1835   0.04713   0.04713   0.04713
   294/299     3.67G   0.02247  0.002374 0.0001242   0.04994         6       640    0.6046    0.4035    0.4032    0.1816   0.04713   0.04713   0.04713
   295/299     3.67G   0.02267  0.002402 0.0002198   0.05058         7       640    0.5899    0.4069    0.4044    0.1849    0.0471    0.0471    0.0471
   296/299     3.67G   0.02258  0.002369 0.0002226   0.05034         3       640    0.5554    0.4195     0.402    0.1845   0.04712   0.04712   0.04712
   297/299     3.67G    0.0228  0.002402 0.0001315   0.05066         4       640    0.5608    0.4194    0.4013    0.1845   0.04717   0.04717   0.04717
   298/299     3.67G   0.02247  0.002399 0.0001851   0.05011         0       640    0.5662     0.414    0.4023     0.184   0.04713   0.04713   0.04713
   299/299     3.67G   0.02209  0.002383 0.0001112   0.04917         3       640    0.5552    0.4169    0.4002    0.1822   0.04715   0.04715   0.04715
