     0/399     2.73G   0.09241  0.006461  0.004902    0.2075         2       640         0         0         0         0   0.08136   0.08136   0.08136
     1/399     4.31G   0.07939  0.008677  0.004392    0.1849         1       640         0         0         0         0     0.076     0.076     0.076
     2/399     4.31G   0.07714  0.008726  0.004317    0.1803         1       640 0.0002157  0.002564 7.305e-06 1.014e-06   0.07985   0.07985   0.07985
     3/399     4.31G   0.07512  0.008413  0.004243    0.1755         2       640  0.000679   0.06195 8.194e-05 1.354e-05   0.09097   0.09097   0.09097
     4/399     4.31G   0.07385  0.006453  0.004199     0.169         1       640  0.002757   0.06195 0.0005997 0.0001159   0.07355   0.07355   0.07355
     5/399     4.31G   0.07119  0.006239   0.00421    0.1632         1       640   0.01478  0.008108   0.00148  0.000238    0.0734    0.0734    0.0734
     6/399     4.31G    0.0698   0.00633  0.004204    0.1606         3       640   0.01137   0.05648  0.002626 0.0005297   0.06758   0.06758   0.06758
     7/399     4.31G     0.066  0.006381  0.004152     0.153         2       640   0.02746   0.07034  0.006447  0.001087   0.07171   0.07171   0.07171
     8/399     4.31G   0.06461  0.006403  0.004135    0.1502         2       640   0.07187   0.05821   0.01458  0.002641   0.07788   0.07788   0.07788
     9/399     4.31G   0.06319  0.006098  0.004064    0.1467         1       640   0.01645   0.07588  0.004149 0.0007978   0.07811   0.07811   0.07811
    10/399     4.31G   0.06154  0.006294  0.004019    0.1436         1       640   0.02403   0.02162  0.005549 0.0006681   0.08234   0.08234   0.08234
    11/399     4.31G   0.06231  0.006176  0.004086    0.1451         1       640   0.04608    0.0316  0.005696 0.0007755   0.08393   0.08393   0.08393
    12/399     4.31G   0.06069  0.006246  0.003961    0.1417         3       640   0.05752    0.1073   0.01582  0.002782   0.07467   0.07467   0.07467
    13/399     4.31G   0.05882  0.006227  0.003955    0.1379         1       640    0.1712    0.1769   0.06709   0.01373   0.06535   0.06535   0.06535
    14/399     4.31G   0.05827  0.006101  0.003904    0.1365         4       640    0.2455    0.1475     0.083   0.01832    0.0714    0.0714    0.0714
    15/399     4.31G   0.05756  0.005856  0.003812    0.1344         3       640    0.2129    0.1226   0.05264  0.009349   0.07921   0.07921   0.07921
    16/399     4.31G   0.05651  0.005914  0.003739    0.1323         0       640    0.2549    0.1606   0.07148   0.01449   0.07632   0.07632   0.07632
    17/399     4.31G   0.05608  0.005808  0.003704    0.1311         1       640     0.214    0.2346    0.1173   0.02475   0.07089   0.07089   0.07089
    18/399     4.31G   0.05538  0.005736  0.003704    0.1296         2       640    0.2989    0.2207    0.1343   0.03109   0.06898   0.06898   0.06898
    19/399     4.31G    0.0558  0.005649  0.003616    0.1301         1       640    0.1751    0.1619   0.07405   0.01855   0.07232   0.07232   0.07232
    20/399     4.31G   0.05517  0.005694  0.003659     0.129         4       640    0.2277    0.1886    0.1039   0.01945   0.07323   0.07323   0.07323
    21/399     4.31G   0.05473  0.005624  0.003575    0.1278         1       640     0.231     0.266    0.1405    0.0335   0.06584   0.06584   0.06584
    22/399     4.31G   0.05312  0.005458  0.003477    0.1241         0       640    0.3621    0.2304    0.1634   0.03271   0.07172   0.07172   0.07172
    23/399     4.31G   0.05225  0.005463   0.00345    0.1223         1       640    0.3106    0.2412    0.1346   0.02723   0.07874   0.07874   0.07874
    24/399     4.31G   0.05376  0.005538  0.003423    0.1254         4       640    0.3386    0.3242    0.2074   0.05009    0.0652    0.0652    0.0652
    25/399     4.31G   0.05169  0.005337  0.003338    0.1207         3       640     0.484    0.2967    0.2732   0.06543   0.06518   0.06518   0.06518
    26/399     4.31G   0.05198  0.005093  0.003343    0.1208         2       640    0.3911    0.3107    0.2572   0.05996   0.06617   0.06617   0.06617
    27/399     4.31G   0.05119  0.005241  0.003258    0.1193         1       640    0.3198    0.2251    0.1734   0.03491   0.07045   0.07045   0.07045
    28/399     4.31G   0.05066  0.005277  0.003055    0.1179         3       640    0.3641    0.3281    0.2243   0.04753   0.06873   0.06873   0.06873
    29/399     4.31G   0.04986  0.005224  0.003078    0.1163         2       640    0.3562    0.3104    0.2624   0.05845   0.06959   0.06959   0.06959
    30/399     4.31G   0.04992  0.005232   0.00302    0.1163         2       640    0.5015    0.3582    0.3229   0.08888   0.06201   0.06201   0.06201
    31/399     4.31G   0.05031  0.005147  0.003128    0.1171         2       640    0.5836    0.3688      0.33    0.1046   0.06135   0.06135   0.06135
    32/399     4.31G   0.05004  0.005163  0.002939    0.1162         4       640    0.5003    0.2909    0.2826   0.07515    0.0683    0.0683    0.0683
    33/399     4.31G   0.04887  0.005105  0.002948    0.1138         0       640    0.3682    0.3379    0.2611   0.06317   0.06628   0.06628   0.06628
    34/399     4.31G   0.04866  0.005246  0.002967    0.1137         1       640    0.5364    0.3562    0.3299    0.0931   0.06158   0.06158   0.06158
    35/399     4.31G   0.04811  0.004923  0.002782    0.1116         2       640    0.5611    0.3398    0.3418    0.0915   0.06206   0.06206   0.06206
    36/399     4.31G   0.04833  0.005078  0.002748    0.1123         4       640    0.4668    0.3599    0.3163   0.08219   0.06037   0.06037   0.06037
    37/399     4.31G   0.04782  0.005079  0.002739    0.1112         1       640    0.3754    0.3867    0.2758   0.08034   0.06079   0.06079   0.06079
    38/399     4.31G   0.04709  0.004891  0.002653    0.1093         1       640    0.3771    0.2981    0.2703   0.08038   0.06384   0.06384   0.06384
    39/399     4.31G   0.04723  0.004926  0.002606    0.1095         3       640    0.5432     0.337    0.3416    0.1124   0.06094   0.06094   0.06094
    40/399     4.31G   0.04727  0.004897  0.002503    0.1093         2       640    0.5142    0.3791    0.3583    0.1057   0.06007   0.06007   0.06007
    41/399     4.31G   0.04784  0.004936  0.002573    0.1107         0       640    0.4786    0.3158     0.277   0.06538    0.0656    0.0656    0.0656
    42/399     4.31G    0.0473  0.004961  0.002627    0.1097         1       640    0.5245     0.366    0.3451    0.1019   0.05998   0.05998   0.05998
    43/399     4.31G   0.04672   0.00501  0.002503    0.1084         3       640    0.5433    0.3737    0.3894    0.1342   0.05738   0.05738   0.05738
    44/399     4.31G   0.04587  0.005001  0.002456    0.1066         2       640    0.5175    0.4222    0.4094    0.1205   0.05773   0.05773   0.05773
    45/399     4.31G   0.04538    0.0047  0.002419     0.105         3       640     0.544      0.35    0.3372   0.09571   0.05963   0.05963   0.05963
    46/399     4.31G   0.04583  0.004797  0.002382     0.106         5       640    0.6593    0.3058    0.3316   0.08999     0.062     0.062     0.062
    47/399     4.31G    0.0455   0.00489  0.002262    0.1053         1       640     0.469     0.363    0.3474   0.09776   0.05951   0.05951   0.05951
    48/399     4.31G   0.04564  0.004641  0.002316    0.1051         2       640    0.5279    0.3622    0.3863    0.1195   0.05717   0.05717   0.05717
    49/399     4.31G   0.04397  0.004708  0.002293    0.1019         0       640    0.5216    0.4461    0.4222    0.1296   0.05931   0.05931   0.05931
    50/399     4.31G   0.04465  0.004784  0.002172    0.1032         1       640    0.5295    0.3844    0.3652    0.1111   0.05922   0.05922   0.05922
    51/399     4.31G   0.04409  0.004589  0.002136    0.1016         1       640    0.6265    0.3872    0.4006    0.1221   0.05872   0.05872   0.05872
    52/399     4.31G   0.04519  0.004606   0.00221    0.1039         3       640    0.4228    0.4308    0.3515    0.1096    0.0608    0.0608    0.0608
    53/399     4.31G   0.04481  0.004631  0.002122    0.1031         2       640    0.5446    0.3674    0.3552   0.09602   0.06313   0.06313   0.06313
    54/399     4.31G    0.0448  0.004712  0.002189    0.1034         1       640    0.6122    0.4207    0.4159    0.1229   0.05763   0.05763   0.05763
    55/399     4.31G   0.04386  0.004594  0.002039    0.1009         1       640    0.6986    0.3718    0.4231     0.139   0.05728   0.05728   0.05728
    56/399     4.31G   0.04395  0.004473  0.002017    0.1008         3       640    0.5664    0.3986    0.3923    0.1167   0.05823   0.05823   0.05823
    57/399     4.31G   0.04303  0.004648  0.002108   0.09953         1       640    0.6452    0.4424    0.4379     0.137   0.05671   0.05671   0.05671
    58/399     4.31G   0.04374  0.004545  0.001955    0.1004         2       640    0.6503    0.4133    0.4419    0.1616   0.05403   0.05403   0.05403
    59/399     4.31G   0.04305  0.004471  0.001999     0.099         1       640    0.7601    0.4076     0.484    0.1685   0.05465   0.05465   0.05465
    60/399     4.31G   0.04349  0.004494  0.001965   0.09983         1       640    0.5222    0.4043    0.3831    0.1147   0.05968   0.05968   0.05968
    61/399     4.31G   0.04379  0.004563  0.001906    0.1005         0       640    0.6608    0.4001    0.4423    0.1559   0.05679   0.05679   0.05679
    62/399     4.31G   0.04334  0.004534  0.001886   0.09947         4       640    0.6916    0.3592     0.436    0.1466   0.05643   0.05643   0.05643
    63/399     4.31G   0.04334  0.004441  0.001896   0.09935         0       640    0.6951    0.4024    0.4547    0.1388   0.06031   0.06031   0.06031
    64/399     4.31G   0.04219  0.004457  0.001811   0.09686         1       640    0.5934    0.4102    0.4067     0.123   0.05907   0.05907   0.05907
    65/399     4.31G   0.04228  0.004385   0.00177   0.09682         3       640    0.6251    0.4191    0.4253    0.1353   0.05549   0.05549   0.05549
    66/399     4.31G   0.04267  0.004501  0.001831     0.098         0       640     0.722    0.3939    0.4631    0.1556   0.05682   0.05682   0.05682
    67/399     4.31G   0.04237  0.004517  0.001851   0.09744         2       640    0.5515    0.4418    0.4385    0.1406   0.05551   0.05551   0.05551
    68/399     4.31G   0.04307  0.004508  0.001854   0.09883         2       640    0.6709    0.3783    0.4312    0.1515   0.05675   0.05675   0.05675
    69/399     4.31G   0.04237  0.004333  0.001894   0.09715         2       640    0.5161    0.3756    0.3769    0.1101   0.06281   0.06281   0.06281
    70/399     4.31G   0.04127  0.004385  0.001635   0.09454         2       640     0.578     0.474    0.4472    0.1349   0.05752   0.05752   0.05752
    71/399     4.31G   0.04218  0.004425  0.001763   0.09666         5       640    0.5187    0.4449    0.4193    0.1339   0.05743   0.05743   0.05743
    72/399     4.31G    0.0419  0.004385   0.00167   0.09587         2       640    0.5762    0.4557    0.4564    0.1446   0.05664   0.05664   0.05664
    73/399     4.31G   0.04212   0.00441  0.001701   0.09642         4       640    0.6631    0.3778    0.4209    0.1426   0.05805   0.05805   0.05805
    74/399     4.31G   0.04112  0.004357  0.001553   0.09397         6       640    0.5944    0.4498    0.4718    0.1601   0.05585   0.05585   0.05585
    75/399     4.31G   0.04127  0.004465  0.001709   0.09485         2       640    0.6215      0.35    0.3864    0.1312   0.05894   0.05894   0.05894
    76/399     4.31G   0.04174  0.004321  0.001693    0.0955         1       640    0.6833    0.4305    0.4679    0.1517   0.05769   0.05769   0.05769
    77/399     4.31G   0.04127  0.004408  0.001715   0.09471         5       640    0.6544    0.3581    0.4039    0.1284   0.05665   0.05665   0.05665
    78/399     4.31G   0.04127  0.004289   0.00165   0.09437         3       640    0.5164    0.4333     0.385     0.114    0.0598    0.0598    0.0598
    79/399     4.31G   0.04073  0.004232  0.001528   0.09291         2       640    0.5396    0.4388    0.4018    0.1207   0.05865   0.05865   0.05865
    80/399     4.31G   0.04116  0.004172  0.001693   0.09402         1       640    0.4157    0.4751    0.4042    0.1298   0.05827   0.05827   0.05827
    81/399     4.31G   0.04143  0.004275  0.001593   0.09454         4       640     0.669    0.4665    0.4956    0.1665   0.05538   0.05538   0.05538
    82/399     4.31G   0.04077  0.004267  0.001571    0.0932         1       640    0.5372    0.4317    0.4148      0.13   0.05562   0.05562   0.05562
    83/399     4.31G   0.04063  0.004232  0.001551   0.09279         3       640    0.5672    0.4663    0.4553    0.1486   0.05615   0.05615   0.05615
    84/399     4.31G    0.0405  0.004198  0.001423    0.0922         2       640    0.6892    0.4326    0.4616    0.1418   0.05795   0.05795   0.05795
    85/399     4.31G    0.0404  0.004069  0.001406   0.09172         1       640    0.5688    0.4392    0.4315    0.1273   0.05936   0.05936   0.05936
    86/399     4.31G   0.04042  0.004105  0.001399   0.09182         1       640    0.6653    0.4491    0.4791    0.1656   0.05507   0.05507   0.05507
    87/399     4.31G   0.04039  0.004147  0.001528    0.0921         1       640     0.767    0.3897    0.4669    0.1547   0.05655   0.05655   0.05655
    88/399     4.31G   0.04014  0.004223  0.001517   0.09174         1       640    0.7006    0.4062    0.4704    0.1445   0.05744   0.05744   0.05744
    89/399     4.31G   0.03995  0.004183  0.001457   0.09114         4       640    0.6294    0.4225    0.4551    0.1509   0.05605   0.05605   0.05605
    90/399     4.31G   0.03973  0.004057  0.001415   0.09034         3       640    0.5236    0.4572    0.4555    0.1541   0.05581   0.05581   0.05581
    91/399     4.31G   0.04016  0.004207  0.001372   0.09144         1       640    0.5069    0.4541    0.4129    0.1433   0.05629   0.05629   0.05629
    92/399     4.31G    0.0389  0.004224  0.001399   0.08901         1       640     0.687    0.4713     0.492    0.1696   0.05554   0.05554   0.05554
    93/399     4.31G   0.03965  0.004086  0.001303   0.09001         5       640    0.5553    0.5112    0.4488    0.1386   0.05624   0.05624   0.05624
    94/399     4.31G   0.03925  0.004113   0.00138   0.08949         0       640    0.6385    0.4778    0.4761    0.1569   0.05585   0.05585   0.05585
    95/399     4.31G   0.03958   0.00417  0.001484   0.09041         3       640    0.6986    0.4012    0.4784    0.1558   0.05643   0.05643   0.05643
    96/399     4.31G   0.03871  0.004046  0.001267   0.08798         2       640    0.5715    0.4501    0.4585    0.1637   0.05578   0.05578   0.05578
    97/399     4.31G    0.0399  0.004173  0.001365   0.09083         2       640    0.5863    0.4921    0.4828    0.1677     0.055     0.055     0.055
    98/399     4.31G   0.03917  0.004125  0.001341   0.08924         1       640    0.6893    0.3805    0.4578    0.1645   0.05402   0.05402   0.05402
    99/399     4.31G   0.03912  0.004029  0.001304   0.08891         0       640    0.7011    0.4799    0.5182    0.1794   0.05518   0.05518   0.05518
   100/399     4.31G   0.03873  0.003979  0.001315   0.08799         4       640    0.6553    0.4264    0.4306    0.1471   0.05761   0.05761   0.05761
   101/399     4.31G   0.03947  0.004041   0.00139   0.08976         2       640    0.6451    0.4581    0.4825    0.1681    0.0542    0.0542    0.0542
   102/399     4.31G   0.03938  0.003923  0.001258   0.08908         2       640    0.7877    0.3507    0.4534    0.1476   0.05594   0.05594   0.05594
   103/399     4.31G   0.03911  0.004056  0.001275   0.08886         4       640    0.7086    0.3726     0.455    0.1524    0.0552    0.0552    0.0552
   104/399     4.31G   0.03858  0.003959  0.001327   0.08769         3       640    0.5768    0.4534    0.4735    0.1638   0.05437   0.05437   0.05437
   105/399     4.31G   0.03836  0.003993  0.001243   0.08714         1       640    0.4798    0.4938     0.456    0.1476   0.05665   0.05665   0.05665
   106/399     4.31G   0.03913  0.004036  0.001331   0.08895         3       640    0.5823    0.4966    0.4896    0.1648   0.05408   0.05408   0.05408
   107/399     4.31G   0.03863   0.00388   0.00133   0.08764         3       640    0.5901    0.5123    0.5027    0.1684     0.055     0.055     0.055
   108/399     4.31G   0.03848  0.003958  0.001249   0.08731         4       640     0.576     0.489    0.4962    0.1689   0.05486   0.05486   0.05486
   109/399     4.31G   0.03824  0.003994  0.001244   0.08696         0       640    0.6304    0.4566    0.5014    0.1745    0.0526    0.0526    0.0526
   110/399     4.31G   0.03898  0.004013    0.0012   0.08837         2       640     0.652    0.4264    0.4729    0.1648    0.0541    0.0541    0.0541
   111/399     4.31G   0.03803  0.004005  0.001233    0.0865         1       640    0.7796    0.4604    0.5548    0.1989   0.05112   0.05112   0.05112
   112/399     4.31G   0.03762  0.004045  0.001254    0.0858         1       640    0.5949    0.5477    0.5447    0.1885   0.05358   0.05358   0.05358
   113/399     4.31G    0.0386   0.00385  0.001125   0.08709         2       640    0.6466    0.4462     0.489    0.1697   0.05384   0.05384   0.05384
   114/399     4.31G   0.03763  0.004033  0.001207   0.08569         3       640     0.608    0.5086    0.5286    0.1793   0.05277   0.05277   0.05277
   115/399     4.31G   0.03733  0.003865  0.001161   0.08471         0       640    0.6779    0.4842    0.5355     0.186   0.05308   0.05308   0.05308
   116/399     4.31G   0.03828  0.003959  0.001157   0.08671         3       640    0.6744     0.453    0.4954    0.1721   0.05306   0.05306   0.05306
   117/399     4.31G   0.03811  0.003904  0.001151    0.0863         1       640    0.6568    0.4533    0.4927    0.1804   0.05241   0.05241   0.05241
   118/399     4.31G    0.0379  0.003841  0.001106   0.08566         3       640    0.7093    0.4761    0.5454    0.1912   0.05185   0.05185   0.05185
   119/399     4.31G   0.03795   0.00389  0.001176     0.086         4       640    0.5759    0.5224    0.5104    0.1832   0.05135   0.05135   0.05135
   120/399     4.31G   0.03738  0.003868  0.001122   0.08471         1       640    0.5814    0.5021    0.5165    0.1761   0.05339   0.05339   0.05339
   121/399     4.31G   0.03777   0.00382  0.001163   0.08547         2       640    0.6252    0.5277    0.5083    0.1801   0.05423   0.05423   0.05423
   122/399     4.31G   0.03734  0.003979  0.001069   0.08474         2       640    0.7273    0.4506    0.5264    0.1882   0.05206   0.05206   0.05206
   123/399     4.31G   0.03779  0.003939  0.001128   0.08566         3       640    0.5778    0.5276    0.5068    0.1703   0.05433   0.05433   0.05433
   124/399     4.31G    0.0381  0.003855  0.001121    0.0861         3       640    0.6482    0.5468    0.5527    0.1823   0.05345   0.05345   0.05345
   125/399     4.31G   0.03712  0.003867  0.001055   0.08405         1       640    0.5424    0.5197    0.4505    0.1505   0.05576   0.05576   0.05576
   126/399     4.31G   0.03621  0.003744  0.001081   0.08203         1       640    0.6241    0.4932     0.504    0.1658   0.05486   0.05486   0.05486
   127/399     4.31G   0.03725  0.003916  0.001115   0.08454         1       640     0.575    0.4395    0.4524    0.1632   0.05369   0.05369   0.05369
   128/399     4.31G   0.03762  0.003731   0.00103   0.08471         1       640    0.5813    0.4692    0.4907    0.1763   0.05323   0.05323   0.05323
   129/399     4.31G    0.0369  0.003898  0.001069   0.08371         2       640    0.7123    0.4325    0.5084    0.1696   0.05409   0.05409   0.05409
   130/399     4.31G   0.03712  0.003758   0.00102   0.08376         4       640    0.6043    0.4942    0.5188    0.1854   0.05332   0.05332   0.05332
   131/399     4.31G   0.03719  0.003829  0.001065   0.08413         3       640    0.6443    0.4875    0.5159    0.1839   0.05403   0.05403   0.05403
   132/399     4.31G   0.03648   0.00378   0.00105    0.0826         3       640    0.5528    0.5564    0.5307    0.1863   0.05305   0.05305   0.05305
   133/399     4.31G   0.03714  0.003876  0.001023   0.08405         4       640    0.6332    0.4717    0.5137    0.1735   0.05388   0.05388   0.05388
   134/399     4.31G   0.03688  0.003848 0.0009392   0.08329         2       640      0.59    0.4848    0.4993     0.174   0.05358   0.05358   0.05358
   135/399     4.31G    0.0369   0.00376  0.001043   0.08337         3       640    0.6301    0.5315    0.5589    0.2023   0.05219   0.05219   0.05219
   136/399     4.31G   0.03668   0.00368  0.001015   0.08271         3       640    0.6039    0.5243    0.5236    0.1778   0.05338   0.05338   0.05338
   137/399     4.31G   0.03667  0.003785 0.0009327   0.08274         2       640    0.5246     0.512    0.4959     0.161   0.05463   0.05463   0.05463
   138/399     4.31G   0.03661  0.003716  0.001052   0.08273         1       640    0.5591    0.4842    0.4943    0.1648   0.05332   0.05332   0.05332
   139/399     4.31G   0.03663  0.003847  0.001041   0.08302         4       640    0.6417    0.5139    0.5436     0.185    0.0524    0.0524    0.0524
   140/399     4.31G   0.03656  0.003741 0.0009604   0.08249         4       640     0.533    0.5084    0.4926    0.1809   0.05216   0.05216   0.05216
   141/399     4.31G   0.03605  0.003812  0.000935   0.08156         3       640    0.6233    0.4389    0.4732    0.1586   0.05537   0.05537   0.05537
   142/399     4.31G    0.0361  0.003737 0.0009389   0.08151         2       640     0.562    0.4607    0.4797    0.1587   0.05496   0.05496   0.05496
   143/399     4.31G   0.03637  0.003746  0.001013   0.08223         1       640    0.6356    0.4603    0.5011    0.1656   0.05454   0.05454   0.05454
   144/399     4.31G    0.0362  0.003766 0.0009371   0.08181         0       640    0.6061    0.5105    0.5241    0.1759   0.05426   0.05426   0.05426
   145/399     4.31G   0.03673  0.003748 0.0009607   0.08285         2       640    0.6135    0.4954    0.5203    0.1873   0.05257   0.05257   0.05257
   146/399     4.31G   0.03611  0.003671 0.0009564   0.08148         0       640    0.4706    0.5266    0.4671    0.1549   0.05593   0.05593   0.05593
   147/399     4.31G   0.03603  0.003715 0.0008954   0.08125         3       640     0.629    0.4615    0.4987    0.1685   0.05389   0.05389   0.05389
   148/399     4.31G   0.03593  0.003757 0.0008851   0.08108         3       640    0.5441    0.5102    0.4878    0.1634   0.05485   0.05485   0.05485
   149/399     4.31G   0.03554  0.003639 0.0009144   0.08015         1       640     0.549    0.5447    0.5278    0.1767   0.05465   0.05465   0.05465
   150/399     4.31G   0.03539  0.003722 0.0009816   0.08016         3       640    0.7232      0.45    0.5282    0.1769   0.05394   0.05394   0.05394
   151/399     4.31G   0.03589  0.003604 0.0008515   0.08068         2       640    0.6452    0.5031    0.5342    0.1765   0.05516   0.05516   0.05516
   152/399     4.31G   0.03534  0.003657 0.0009073   0.07976         4       640    0.6447    0.5052    0.5354    0.1819    0.0544    0.0544    0.0544
   153/399     4.31G   0.03541  0.003595 0.0009203   0.07981         1       640    0.7747    0.4482      0.53    0.1865   0.05537   0.05537   0.05537
   154/399     4.31G    0.0355  0.003731 0.0008542   0.08011         1       640    0.7156     0.493    0.5533     0.205   0.05271   0.05271   0.05271
   155/399     4.31G   0.03595  0.003743 0.0008931   0.08114         2       640    0.7406    0.4786    0.5576    0.2013   0.05274   0.05274   0.05274
   156/399     4.31G   0.03541  0.003631 0.0008836   0.07985         0       640    0.6966    0.4987    0.5418    0.1913   0.05324   0.05324   0.05324
   157/399     4.31G   0.03546  0.003678 0.0009019   0.08005         2       640    0.6592    0.5004    0.5408    0.1919   0.05351   0.05351   0.05351
   158/399     4.31G   0.03563  0.003722  0.000968   0.08059         4       640    0.6357     0.485    0.5191    0.1872   0.05334   0.05334   0.05334
   159/399     4.31G   0.03519  0.003597 0.0008612   0.07926         4       640    0.7245    0.4721    0.5334     0.187   0.05352   0.05352   0.05352
   160/399     4.31G   0.03528   0.00362 0.0008589   0.07948         1       640    0.7677    0.4423    0.5293     0.192   0.05371   0.05371   0.05371
   161/399     4.31G   0.03509  0.003689 0.0007866   0.07909         2       640    0.7065    0.4171    0.4921    0.1704   0.05537   0.05537   0.05537
   162/399     4.31G   0.03523  0.003626 0.0009258   0.07949         2       640     0.705    0.4564    0.5263    0.1923   0.05269   0.05269   0.05269
   163/399     4.31G     0.035  0.003646 0.0007694   0.07881         2       640    0.6096    0.4956    0.5383      0.19   0.05296   0.05296   0.05296
   164/399     4.31G   0.03505  0.003452 0.0008321   0.07862         2       640     0.727    0.4526    0.5389     0.197   0.05187   0.05187   0.05187
   165/399     4.31G   0.03534   0.00371 0.0009124   0.07987         2       640     0.694    0.4483    0.5259    0.1816   0.05398   0.05398   0.05398
   166/399     4.31G   0.03495   0.00357 0.0008514    0.0787         2       640    0.6715    0.4688    0.5288    0.1867   0.05357   0.05357   0.05357
   167/399     4.31G   0.03505  0.003618  0.000813   0.07897         1       640    0.7209    0.4324    0.5219    0.1901   0.05168   0.05168   0.05168
   168/399     4.31G   0.03522  0.003632  0.000857   0.07938         2       640    0.7512    0.4316    0.5329    0.2038    0.0517    0.0517    0.0517
   169/399     4.31G   0.03475  0.003584 0.0008341    0.0783         1       640    0.6597    0.4899    0.5408    0.2042   0.05101   0.05101   0.05101
   170/399     4.31G   0.03497   0.00351 0.0007599   0.07845         2       640    0.6408    0.4653    0.5171     0.186   0.05296   0.05296   0.05296
   171/399     4.31G   0.03471  0.003601 0.0008809   0.07834         1       640    0.7183    0.4588    0.5367    0.1881   0.05349   0.05349   0.05349
   172/399     4.31G   0.03517  0.003575 0.0007963   0.07906         1       640    0.7687    0.4403    0.5509    0.1954   0.05239   0.05239   0.05239
   173/399     4.31G   0.03448  0.003453 0.0008009   0.07746         0       640    0.5913    0.5028    0.5252    0.1874   0.05355   0.05355   0.05355
   174/399     4.31G   0.03465  0.003503 0.0008499   0.07795         4       640    0.6283    0.4764    0.5289    0.1791   0.05441   0.05441   0.05441
   175/399     4.31G   0.03456  0.003541  0.000865    0.0779         1       640    0.6291    0.4949    0.5437    0.1846   0.05371   0.05371   0.05371
   176/399     4.31G   0.03446  0.003432 0.0008579   0.07746         1       640    0.5766    0.5101    0.5335    0.1843   0.05359   0.05359   0.05359
   177/399     4.31G   0.03404  0.003584 0.0008082   0.07687         0       640    0.6343    0.5213    0.5563    0.1942   0.05254   0.05254   0.05254
   178/399     4.31G    0.0348  0.003562 0.0007986   0.07828         2       640    0.6813    0.4789    0.5433    0.1908   0.05289   0.05289   0.05289
   179/399     4.31G   0.03484  0.003488 0.0007579   0.07814         2       640    0.6548    0.4656     0.515    0.1817   0.05398   0.05398   0.05398
   180/399     4.31G   0.03474  0.003571 0.0008129   0.07821         1       640    0.7032    0.4813    0.5359    0.1967   0.05298   0.05298   0.05298
   181/399     4.31G   0.03416  0.003568 0.0007808     0.077         1       640     0.703    0.5006    0.5482    0.1967   0.05237   0.05237   0.05237
   182/399     4.31G   0.03407  0.003561 0.0008351   0.07689         3       640    0.7113    0.4559    0.5344    0.1919   0.05255   0.05255   0.05255
   183/399     4.31G   0.03408  0.003514 0.0007542   0.07663         2       640    0.7289    0.4775    0.5454    0.1964   0.05142   0.05142   0.05142
   184/399     4.31G   0.03414  0.003549 0.0008234   0.07698         2       640    0.7382     0.419    0.5165    0.1776   0.05266   0.05266   0.05266
   185/399     4.31G   0.03447  0.003568 0.0008189   0.07767         1       640    0.5998    0.4738    0.5161    0.1837   0.05249   0.05249   0.05249
   186/399     4.31G   0.03392  0.003702 0.0007366   0.07666         7       640    0.6189    0.4768    0.5114    0.1787   0.05279   0.05279   0.05279
   187/399     4.31G   0.03409  0.003423 0.0007518   0.07651         2       640    0.6966    0.4761     0.524    0.1947   0.05236   0.05236   0.05236
   188/399     4.31G   0.03401   0.00359 0.0007378   0.07665         4       640    0.6473    0.4725    0.5244    0.1975   0.05197   0.05197   0.05197
   189/399     4.31G   0.03437  0.003468 0.0007558   0.07713         2       640    0.5929    0.5114    0.5352    0.2018   0.05119   0.05119   0.05119
   190/399     4.31G   0.03404  0.003416 0.0007001   0.07626         2       640     0.756    0.4258    0.5262    0.1923   0.05271   0.05271   0.05271
   191/399     4.31G   0.03378  0.003451 0.0007004   0.07583         3       640    0.7052    0.4876    0.5581    0.2071   0.05161   0.05161   0.05161
   192/399     4.31G   0.03404  0.003512 0.0007718   0.07662         4       640    0.6987    0.4837    0.5419     0.198    0.0523    0.0523    0.0523
   193/399     4.31G    0.0339  0.003395 0.0007109   0.07599         2       640    0.7249    0.4918    0.5576    0.2082   0.05164   0.05164   0.05164
   194/399     4.31G   0.03384  0.003483 0.0007331   0.07609         4       640    0.6766    0.5107    0.5538    0.2058   0.05287   0.05287   0.05287
   195/399     4.31G   0.03363  0.003494 0.0007589   0.07575         2       640    0.6271     0.498    0.5377    0.1995    0.0532    0.0532    0.0532
   196/399     4.31G   0.03349  0.003452 0.0007376    0.0753         5       640    0.6545    0.4833    0.5428    0.2018   0.05266   0.05266   0.05266
   197/399     4.31G   0.03311   0.00346 0.0006326   0.07438         4       640    0.6701     0.495    0.5306    0.2004   0.05213   0.05213   0.05213
   198/399     4.31G   0.03403  0.003452  0.000711   0.07637         1       640    0.6531    0.5291    0.5463    0.1995   0.05237   0.05237   0.05237
   199/399     4.31G   0.03392  0.003532 0.0007887   0.07643         3       640    0.6289    0.5265    0.5459    0.1973   0.05271   0.05271   0.05271
   200/399     4.31G   0.03378  0.003401 0.0007259   0.07579         1       640    0.7316    0.4822    0.5655    0.2034   0.05258   0.05258   0.05258
   201/399     4.31G   0.03375  0.003418 0.0007008   0.07571         1       640    0.6997    0.4926    0.5542    0.1983   0.05311   0.05311   0.05311
   202/399     4.31G    0.0334  0.003377 0.0006585   0.07483         2       640    0.6891    0.4692    0.5365    0.1901    0.0532    0.0532    0.0532
   203/399     4.31G    0.0334  0.003391 0.0007061   0.07494         3       640    0.6361     0.498    0.5421    0.1913   0.05394   0.05394   0.05394
   204/399     4.31G   0.03324  0.003459 0.0007362   0.07484         2       640      0.65    0.4823     0.539    0.2039   0.05299   0.05299   0.05299
   205/399     4.31G   0.03338  0.003369 0.0006817   0.07483         3       640    0.7106    0.4798    0.5612    0.2075   0.05196   0.05196   0.05196
   206/399     4.31G   0.03324  0.003466 0.0007346   0.07487         1       640    0.7052    0.4668    0.5527    0.1947   0.05326   0.05326   0.05326
   207/399     4.31G   0.03311  0.003389 0.0006983   0.07439         0       640    0.6063    0.5133    0.5466    0.1939   0.05324   0.05324   0.05324
   208/399     4.31G   0.03339  0.003374 0.0006614   0.07481         1       640    0.5875    0.5343    0.5477     0.194   0.05332   0.05332   0.05332
   209/399     4.31G   0.03279   0.00332 0.0005955   0.07338         2       640    0.5944    0.5212    0.5402    0.1904   0.05343   0.05343   0.05343
   210/399     4.31G   0.03285   0.00336 0.0006404    0.0737         0       640    0.6283    0.4843    0.5327     0.193   0.05303   0.05303   0.05303
   211/399     4.31G   0.03255  0.003293 0.0006543   0.07296         4       640    0.6938    0.5084    0.5609    0.1967   0.05297   0.05297   0.05297
   212/399     4.31G   0.03299  0.003445  0.000727   0.07427         1       640    0.6864    0.4876    0.5457    0.1948   0.05322   0.05322   0.05322
   213/399     4.31G   0.03267  0.003434 0.0006218   0.07343         3       640    0.6515    0.5087    0.5509    0.2056   0.05267   0.05267   0.05267
   214/399     4.31G   0.03318    0.0034 0.0005976   0.07431         5       640    0.6251    0.5207    0.5499    0.2013   0.05234   0.05234   0.05234
   215/399     4.31G   0.03281  0.003391 0.0005887   0.07357         0       640    0.6563    0.4994    0.5608    0.2041   0.05207   0.05207   0.05207
   216/399     4.31G   0.03314  0.003298 0.0006804   0.07424         0       640    0.5942    0.5162    0.5457    0.1973    0.0532    0.0532    0.0532
   217/399     4.31G   0.03285  0.003497 0.0006733     0.074         3       640    0.6509    0.4979    0.5436     0.193   0.05322   0.05322   0.05322
   218/399     4.31G   0.03292  0.003441 0.0007215   0.07415         2       640    0.6976    0.4793     0.539    0.1901   0.05388   0.05388   0.05388
   219/399     4.31G   0.03274    0.0034 0.0007117   0.07367         5       640    0.6695    0.5028     0.554    0.1972   0.05316   0.05316   0.05316
   220/399     4.31G   0.03271  0.003366 0.0006586   0.07344         3       640    0.6231    0.5053    0.5499    0.1977    0.0525    0.0525    0.0525
   221/399     4.31G   0.03304  0.003451 0.0007341    0.0744         1       640    0.6472    0.4665    0.5381    0.2007   0.05236   0.05236   0.05236
   222/399     4.31G   0.03297  0.003301 0.0006443   0.07378         4       640    0.6919    0.4591     0.541    0.1993   0.05242   0.05242   0.05242
   223/399     4.31G   0.03182  0.003338 0.0005576   0.07141         1       640    0.5605    0.5024    0.5238     0.187   0.05353   0.05353   0.05353
   224/399     4.31G    0.0322  0.003283 0.0006054   0.07215         3       640    0.5282    0.5468    0.5292    0.1936   0.05263   0.05263   0.05263
   225/399     4.31G   0.03236  0.003294 0.0005929   0.07247         2       640    0.6218    0.4921    0.5384    0.1917   0.05298   0.05298   0.05298
   226/399     4.31G   0.03252  0.003388 0.0006208   0.07302         2       640    0.6303    0.5204    0.5465    0.1978   0.05277   0.05277   0.05277
   227/399     4.31G   0.03257  0.003346 0.0006782   0.07315         3       640    0.6996    0.4394    0.5268    0.1933    0.0528    0.0528    0.0528
   228/399     4.31G   0.03242   0.00337 0.0006523   0.07284         1       640    0.6872    0.4351    0.5223    0.1938   0.05203   0.05203   0.05203
   229/399     4.31G   0.03248  0.003354 0.0006867   0.07302         2       640    0.6058    0.4661    0.5349    0.1959   0.05173   0.05173   0.05173
   230/399     4.31G   0.03194  0.003355  0.000637   0.07187         0       640    0.6117    0.5056    0.5518    0.1979   0.05183   0.05183   0.05183
   231/399     4.31G   0.03208  0.003208 0.0006425   0.07182         1       640    0.6743    0.4825    0.5509    0.1966   0.05228   0.05228   0.05228
   232/399     4.31G    0.0323  0.003326 0.0006218   0.07248         1       640    0.7051    0.4584    0.5406    0.1972   0.05263   0.05263   0.05263
   233/399     4.31G    0.0322  0.003382 0.0006405   0.07242         2       640    0.6517    0.4746    0.5315    0.1977   0.05241   0.05241   0.05241
   234/399     4.31G    0.0322  0.003255 0.0006327   0.07215         1       640    0.7027    0.4506      0.53    0.1947   0.05279   0.05279   0.05279
   235/399     4.31G   0.03234  0.003293 0.0005693   0.07238         2       640    0.7084    0.4496    0.5391    0.1995   0.05255   0.05255   0.05255
   236/399     4.31G   0.03194  0.003403 0.0006101   0.07191         0       640    0.6865    0.4709    0.5466    0.2013   0.05194   0.05194   0.05194
   237/399     4.31G   0.03166  0.003305 0.0005544   0.07103         1       640     0.563    0.5551    0.5442    0.1997   0.05207   0.05207   0.05207
   238/399     4.31G   0.03227  0.003205 0.0005926   0.07211         2       640    0.6832    0.4799     0.547    0.2051    0.0515    0.0515    0.0515
   239/399     4.31G     0.032  0.003305 0.0006029   0.07179         3       640    0.7195    0.4744    0.5588    0.2091   0.05116   0.05116   0.05116
   240/399     4.31G   0.03161  0.003223 0.0005816   0.07081         2       640    0.6608    0.4807    0.5457    0.2021   0.05104   0.05104   0.05104
   241/399     4.31G   0.03162  0.003257 0.0006268   0.07097         2       640    0.5511    0.5415    0.5325     0.187   0.05202   0.05202   0.05202
   242/399     4.31G   0.03176   0.00327 0.0005762   0.07117         2       640    0.6032    0.4892    0.5327    0.1903    0.0517    0.0517    0.0517
   243/399     4.31G   0.03137  0.003199 0.0005572   0.07016         1       640    0.5646    0.4956     0.532    0.1904   0.05196   0.05196   0.05196
   244/399     4.31G   0.03184  0.003237 0.0006236   0.07138         3       640    0.7053     0.438    0.5464    0.1924   0.05198   0.05198   0.05198
   245/399     4.31G   0.03179  0.003212 0.0005831   0.07114         2       640    0.5783    0.5185    0.5445    0.1945   0.05173   0.05173   0.05173
   246/399     4.31G   0.03154  0.003242 0.0005614   0.07065         1       640    0.6421    0.4901    0.5605    0.2017   0.05147   0.05147   0.05147
   247/399     4.31G   0.03127  0.003219 0.0004845    0.0699         4       640    0.6475    0.4896    0.5628    0.2031   0.05173   0.05173   0.05173
   248/399     4.31G   0.03134  0.003183 0.0005155   0.07005         2       640    0.6955    0.4555    0.5507    0.2032   0.05212   0.05212   0.05212
   249/399     4.31G   0.03153  0.003112 0.0005477   0.07036         1       640    0.7075    0.4659    0.5626    0.2034   0.05227   0.05227   0.05227
   250/399     4.31G   0.03135  0.003208  0.000565   0.07022         2       640    0.6912    0.4816    0.5568    0.2018    0.0526    0.0526    0.0526
   251/399     4.31G   0.03131  0.003273   0.00059    0.0703         3       640    0.6319    0.5001    0.5439    0.1932   0.05312   0.05312   0.05312
   252/399     4.31G   0.03147  0.003379 0.0005712    0.0708         2       640    0.6147    0.5161    0.5533    0.1947   0.05307   0.05307   0.05307
   253/399     4.31G   0.03148  0.003261 0.0006089   0.07066         3       640    0.6111    0.5207    0.5551    0.1958   0.05299   0.05299   0.05299
   254/399     4.31G   0.03175   0.00328 0.0005792    0.0712         3       640    0.6195    0.5225    0.5637    0.1992   0.05281   0.05281   0.05281
   255/399     4.31G   0.03184  0.003191 0.0005596   0.07117         1       640    0.5382    0.5535     0.548    0.1965   0.05265   0.05265   0.05265
   256/399     4.31G   0.03154  0.003255 0.0005399   0.07064         2       640    0.7713    0.4297    0.5488    0.2005   0.05247   0.05247   0.05247
   257/399     4.31G   0.03158  0.003309 0.0006277     0.071         4       640    0.7607     0.438    0.5489    0.1984   0.05248   0.05248   0.05248
   258/399     4.31G    0.0311  0.003152 0.0005717   0.06965         0       640    0.7303    0.4615     0.557    0.1986   0.05292   0.05292   0.05292
   259/399     4.31G   0.03153  0.003207 0.0005938   0.07067         0       640    0.7459    0.4457    0.5558    0.2001   0.05282   0.05282   0.05282
   260/399     4.31G    0.0313  0.003225 0.0005805   0.07018         2       640    0.7003    0.4641    0.5589    0.2027   0.05279   0.05279   0.05279
   261/399     4.31G   0.03118  0.003286 0.0005664   0.07006         2       640    0.7126     0.462    0.5579    0.2048   0.05229   0.05229   0.05229
   262/399     4.31G   0.03119  0.003184 0.0005553   0.06984         2       640    0.6525    0.4924    0.5595    0.2049   0.05206   0.05206   0.05206
   263/399     4.31G    0.0312  0.003239 0.0005328   0.06992         3       640    0.6781    0.4859    0.5546    0.2053   0.05179   0.05179   0.05179
   264/399     4.31G   0.03108  0.003129 0.0005012    0.0694         1       640    0.6688    0.4963    0.5592    0.2055   0.05199   0.05199   0.05199
   265/399     4.31G   0.03073  0.003201 0.0004756   0.06879         4       640    0.5938    0.5527    0.5598    0.2041   0.05232   0.05232   0.05232
   266/399     4.31G   0.03109  0.003233 0.0005949    0.0698         2       640    0.6217    0.5405    0.5623    0.2072   0.05211   0.05211   0.05211
   267/399     4.31G   0.03072  0.003202 0.0005306   0.06887         3       640    0.6274    0.5351    0.5578    0.2033   0.05224   0.05224   0.05224
   268/399     4.31G   0.03116  0.003219  0.000558   0.06985         2       640    0.6773    0.5026    0.5548    0.2032   0.05229   0.05229   0.05229
   269/399     4.31G   0.03094  0.003214 0.0005633   0.06942         1       640    0.6664    0.5078    0.5578    0.2082   0.05232   0.05232   0.05232
   270/399     4.31G   0.03079  0.003106 0.0005383   0.06883         3       640    0.6322    0.5288    0.5552    0.2066   0.05254   0.05254   0.05254
   271/399     4.31G   0.03076  0.003218 0.0005459   0.06902         1       640    0.6638    0.5044    0.5546    0.2058   0.05282   0.05282   0.05282
   272/399     4.31G   0.03104  0.003148 0.0005856   0.06952         1       640    0.7455     0.452    0.5551    0.2039   0.05287   0.05287   0.05287
   273/399     4.31G    0.0307  0.003194 0.0005788   0.06893         2       640    0.6676    0.4826    0.5526    0.2029   0.05317   0.05317   0.05317
   274/399     4.31G   0.03099   0.00321 0.0005929   0.06959         0       640    0.6615    0.5053    0.5549    0.2019   0.05295   0.05295   0.05295
   275/399     4.31G   0.03082  0.003167 0.0004617   0.06884         7       640    0.6424    0.5134    0.5539    0.2001   0.05279   0.05279   0.05279
   276/399     4.31G   0.03121  0.003236 0.0005679   0.06998         2       640    0.6429    0.5256    0.5595    0.2052   0.05212   0.05212   0.05212
   277/399     4.31G   0.03033  0.003055 0.0004836    0.0677         4       640    0.6239    0.5285    0.5599    0.2068   0.05192   0.05192   0.05192
   278/399     4.31G   0.03087  0.003204 0.0005277   0.06918         1       640    0.6208    0.5281    0.5643     0.206   0.05194   0.05194   0.05194
   279/399     4.31G   0.03076  0.003226 0.0005681   0.06906         2       640    0.6546    0.5057     0.563    0.2064   0.05186   0.05186   0.05186
   280/399     4.31G   0.03045  0.003094 0.0005201   0.06805         3       640     0.743    0.4497    0.5692    0.2094   0.05182   0.05182   0.05182
   281/399     4.31G   0.03057  0.003206 0.0005307   0.06857         3       640    0.6318    0.4996    0.5635    0.2057   0.05193   0.05193   0.05193
   282/399     4.31G   0.03061  0.003117 0.0005214   0.06846         2       640    0.5282    0.5813    0.5537    0.2043    0.0519    0.0519    0.0519
   283/399     4.31G   0.03062  0.003151  0.000514   0.06854         2       640    0.5037    0.5945    0.5458    0.2019   0.05222   0.05222   0.05222
   284/399     4.31G   0.03055  0.003147 0.0005563   0.06848         2       640    0.5205    0.5763    0.5392    0.2004   0.05222   0.05222   0.05222
   285/399     4.31G   0.03022  0.003215 0.0005506   0.06796         1       640    0.5553    0.5516    0.5434    0.2019   0.05234   0.05234   0.05234
   286/399     4.31G   0.03027  0.003093 0.0004687   0.06764         3       640    0.5755     0.544    0.5513    0.2035   0.05221   0.05221   0.05221
   287/399     4.31G   0.02975  0.003102 0.0004938   0.06664         2       640    0.5664    0.5655    0.5548    0.2027   0.05233   0.05233   0.05233
   288/399     4.31G   0.02998  0.003114 0.0004699   0.06707         5       640    0.5879    0.5388    0.5577    0.2036   0.05258   0.05258   0.05258
   289/399     4.31G   0.02967   0.00309 0.0004862   0.06648         1       640    0.6011    0.5162    0.5517    0.2003   0.05264   0.05264   0.05264
   290/399     4.31G   0.03027   0.00315 0.0005444   0.06791         1       640    0.5495    0.5679    0.5568    0.2001   0.05266   0.05266   0.05266
   291/399     4.31G   0.02997  0.003092 0.0004466   0.06698         1       640    0.6035    0.5186    0.5493    0.1964   0.05293   0.05293   0.05293
   292/399     4.31G   0.03021  0.003067 0.0004889   0.06754         0       640    0.6077    0.5186    0.5498    0.1989   0.05288   0.05288   0.05288
   293/399     4.31G   0.03008   0.00308  0.000502   0.06731         2       640    0.6227    0.5161    0.5537    0.2014   0.05278   0.05278   0.05278
   294/399     4.31G   0.03014  0.003194 0.0005104   0.06766         1       640     0.651    0.5004     0.556    0.2001   0.05261   0.05261   0.05261
   295/399     4.31G   0.02977  0.003045 0.0004432   0.06647         1       640    0.6448    0.5129     0.568    0.2065   0.05218   0.05218   0.05218
   296/399     4.31G   0.02994  0.003106 0.0005146    0.0671         1       640    0.7132    0.4821     0.574    0.2103    0.0519    0.0519    0.0519
   297/399     4.31G      0.03  0.003157 0.0005064   0.06729         4       640    0.7347    0.4771    0.5743    0.2127   0.05157   0.05157   0.05157
   298/399     4.31G   0.02998  0.003019 0.0004893   0.06694         4       640     0.715    0.4849    0.5782    0.2106   0.05161   0.05161   0.05161
   299/399     4.31G   0.02992   0.00309 0.0005141   0.06701         1       640    0.7096    0.4729    0.5709    0.2073    0.0517    0.0517    0.0517
   300/399     4.31G   0.02955  0.003014  0.000488   0.06609         2       640    0.7202    0.4662    0.5699    0.2081   0.05174   0.05174   0.05174
   301/399     4.31G   0.02991  0.003086 0.0005074   0.06697         3       640     0.681    0.4873    0.5692    0.2111   0.05146   0.05146   0.05146
   302/399     4.31G   0.02999  0.003036 0.0004291   0.06688         4       640    0.6661    0.4951    0.5741    0.2099   0.05152   0.05152   0.05152
   303/399     4.31G   0.02968  0.002982 0.0004323   0.06616         1       640    0.7013    0.4787    0.5754    0.2121   0.05149   0.05149   0.05149
   304/399     4.31G   0.02975  0.002996  0.000472    0.0664         2       640     0.685    0.4814    0.5754    0.2139   0.05144   0.05144   0.05144
   305/399     4.31G   0.02973  0.003056 0.0005025   0.06655         2       640    0.5291    0.5995    0.5765    0.2156   0.05127   0.05127   0.05127
   306/399     4.31G   0.02979  0.003015 0.0004877   0.06654         8       640    0.6709    0.4866    0.5743    0.2143    0.0514    0.0514    0.0514
   307/399     4.31G   0.02902  0.002972 0.0004498   0.06484         3       640    0.6939    0.4817    0.5705    0.2124   0.05143   0.05143   0.05143
   308/399     4.31G   0.03025  0.003149 0.0004912   0.06772         2       640    0.7026    0.4792    0.5704    0.2158   0.05127   0.05127   0.05127
   309/399     4.31G   0.03003  0.003214 0.0005407   0.06756         0       640    0.6584     0.508    0.5716    0.2143   0.05137   0.05137   0.05137
   310/399     4.31G    0.0298  0.003129 0.0005112   0.06683         4       640    0.6713    0.4922    0.5675    0.2137    0.0514    0.0514    0.0514
   311/399     4.31G   0.02992  0.003166 0.0004954   0.06714         1       640    0.6715    0.4921    0.5672     0.212   0.05144   0.05144   0.05144
   312/399     4.31G   0.02974  0.003113 0.0004721   0.06663         1       640    0.6568    0.5021    0.5677    0.2113   0.05159   0.05159   0.05159
   313/399     4.31G   0.02984   0.00317 0.0005226     0.067         4       640    0.6618    0.5017    0.5672      0.21   0.05189   0.05189   0.05189
   314/399     4.31G      0.03  0.003187  0.000525   0.06739         1       640    0.6606    0.5078    0.5677    0.2084   0.05198   0.05198   0.05198
   315/399     4.31G   0.02965  0.003146 0.0004575   0.06646         2       640    0.6859    0.5025    0.5706    0.2092   0.05197   0.05197   0.05197
   316/399     4.31G   0.02965  0.002981 0.0004492   0.06614         2       640     0.669    0.5023     0.566    0.2086   0.05207   0.05207   0.05207
   317/399     4.31G   0.02902  0.003039 0.0004436   0.06496         1       640    0.7274    0.4845    0.5728    0.2112   0.05215   0.05215   0.05215
   318/399     4.31G   0.02961  0.003002 0.0004653   0.06614         2       640    0.6684    0.5224    0.5746    0.2113   0.05207   0.05207   0.05207
   319/399     4.31G   0.02945   0.00297 0.0004692   0.06573         1       640    0.6663    0.5289    0.5766    0.2114   0.05195   0.05195   0.05195
   320/399     4.31G   0.02932  0.003023  0.000442   0.06552         1       640    0.6067    0.5702    0.5698    0.2087   0.05197   0.05197   0.05197
   321/399     4.31G   0.02934  0.002988 0.0004849   0.06561         2       640    0.6086    0.5638    0.5692    0.2085   0.05199   0.05199   0.05199
   322/399     4.31G    0.0296  0.003052 0.0004888   0.06625         3       640    0.6497    0.5313    0.5657    0.2085   0.05228   0.05228   0.05228
   323/399     4.31G    0.0286  0.002932 0.0003786    0.0638         2       640    0.6447    0.5355    0.5682    0.2064   0.05243   0.05243   0.05243
   324/399     4.31G   0.02954  0.002942 0.0004869   0.06593         1       640    0.6013    0.5628    0.5675    0.2053    0.0524    0.0524    0.0524
   325/399     4.31G   0.02887  0.002972 0.0004425   0.06456         4       640    0.6016    0.5681    0.5712     0.207   0.05237   0.05237   0.05237
   326/399     4.31G   0.02919   0.00307  0.000425   0.06532         2       640    0.6541    0.5261    0.5719    0.2061    0.0524    0.0524    0.0524
   327/399     4.31G   0.02954   0.00303 0.0004677   0.06606         2       640    0.6417    0.5351    0.5744    0.2069   0.05239   0.05239   0.05239
   328/399     4.31G   0.02926  0.003054 0.0005016   0.06561         3       640     0.645     0.534    0.5716    0.2053   0.05238   0.05238   0.05238
   329/399     4.31G   0.02977  0.003105 0.0004656   0.06665         1       640    0.6466    0.5336    0.5722    0.2053   0.05236   0.05236   0.05236
   330/399     4.31G   0.02941  0.002998 0.0004941   0.06574         4       640    0.6825    0.5118    0.5717     0.206   0.05239   0.05239   0.05239
   331/399     4.31G   0.02979  0.003128 0.0004752   0.06677         1       640    0.6795    0.5185    0.5709    0.2052   0.05235   0.05235   0.05235
   332/399     4.31G   0.02891  0.003065 0.0004399   0.06479         1       640    0.6869     0.508    0.5694    0.2053   0.05239   0.05239   0.05239
   333/399     4.31G   0.02891  0.002931 0.0004229   0.06449         1       640    0.6813     0.508    0.5676    0.2058   0.05231   0.05231   0.05231
   334/399     4.31G   0.02938  0.003082 0.0004304   0.06576         4       640    0.6777    0.5105    0.5676    0.2037   0.05231   0.05231   0.05231
   335/399     4.31G   0.02901  0.002882 0.0004307   0.06461         4       640    0.6877    0.4972    0.5667    0.2043   0.05236   0.05236   0.05236
   336/399     4.31G   0.02926  0.002996  0.000453   0.06538         4       640    0.6842    0.4997    0.5705    0.2057   0.05236   0.05236   0.05236
   337/399     4.31G   0.02899  0.003082 0.0004197   0.06496         1       640    0.6772    0.5015    0.5672    0.2075   0.05232   0.05232   0.05232
   338/399     4.31G   0.02925  0.002903 0.0005123   0.06531         2       640     0.671    0.5053    0.5677    0.2058   0.05236   0.05236   0.05236
   339/399     4.31G   0.02892  0.003025  0.000462    0.0648         1       640    0.6784    0.4973    0.5654    0.2065   0.05231   0.05231   0.05231
   340/399     4.31G   0.02984   0.00305 0.0004528   0.06665         1       640    0.6733    0.5026    0.5669    0.2069   0.05218   0.05218   0.05218
   341/399     4.31G   0.02859  0.002967 0.0003959    0.0639         0       640    0.6789    0.4992    0.5691    0.2068   0.05209   0.05209   0.05209
   342/399     4.31G   0.02852  0.003046 0.0004151   0.06394         2       640    0.6665    0.5024    0.5685    0.2102   0.05206   0.05206   0.05206
   343/399     4.31G   0.02929  0.003058 0.0004722   0.06562         3       640    0.6545    0.5051    0.5639    0.2088   0.05202   0.05202   0.05202
   344/399     4.31G   0.02937  0.003084 0.0004232   0.06573         1       640    0.6804    0.4894    0.5644    0.2085   0.05198   0.05198   0.05198
   345/399     4.31G   0.02875  0.003012 0.0005004   0.06447         3       640    0.6744    0.4963    0.5655    0.2113     0.052     0.052     0.052
   346/399     4.31G   0.02881  0.003069 0.0004935   0.06468         2       640    0.6688    0.5022    0.5686    0.2103   0.05199   0.05199   0.05199
   347/399     4.31G   0.02863  0.002953 0.0004251     0.064         1       640    0.6606    0.5028    0.5692      0.21   0.05198   0.05198   0.05198
   348/399     4.31G   0.02878  0.002958  0.000478   0.06441         1       640    0.6161    0.5388    0.5668    0.2104   0.05198   0.05198   0.05198
   349/399     4.31G   0.02871  0.002922  0.000454   0.06414         4       640    0.7172    0.4736    0.5664    0.2104     0.052     0.052     0.052
   350/399     4.31G   0.02912  0.003067 0.0004128   0.06517         1       640    0.7074    0.4785    0.5665    0.2105     0.052     0.052     0.052
   351/399     4.31G   0.02902  0.003001 0.0004669   0.06492         2       640    0.6995    0.4791    0.5664    0.2108   0.05202   0.05202   0.05202
   352/399     4.31G   0.02901  0.002962  0.000454   0.06481         2       640    0.7024    0.4812    0.5675    0.2106   0.05204   0.05204   0.05204
   353/399     4.31G   0.02824  0.002942 0.0004424   0.06321         2       640    0.6871    0.4916    0.5695    0.2101   0.05207   0.05207   0.05207
   354/399     4.31G    0.0288  0.002997 0.0004421   0.06442         3       640    0.6913     0.492    0.5678    0.2106   0.05204   0.05204   0.05204
   355/399     4.31G   0.02879   0.00299  0.000432    0.0644         2       640    0.6808    0.5099    0.5705    0.2107   0.05206   0.05206   0.05206
   356/399     4.31G   0.02833   0.00302 0.0004485   0.06361         0       640    0.6842    0.5132    0.5734    0.2124   0.05205   0.05205   0.05205
   357/399     4.31G   0.02848  0.002963 0.0004157    0.0637         1       640    0.6849    0.5131    0.5734    0.2118   0.05214   0.05214   0.05214
   358/399     4.31G   0.02885  0.003052 0.0004288   0.06461         4       640    0.6905     0.508    0.5744     0.212   0.05215   0.05215   0.05215
   359/399     4.31G   0.02879  0.002868 0.0004709   0.06423         2       640    0.7254    0.4923    0.5781    0.2122    0.0522    0.0522    0.0522
   360/399     4.31G   0.02871  0.003033 0.0004524   0.06435         5       640     0.729     0.487    0.5769    0.2124   0.05219   0.05219   0.05219
   361/399     4.31G   0.02814  0.002839 0.0003903   0.06272         2       640    0.7073    0.5003    0.5764    0.2125   0.05217   0.05217   0.05217
   362/399     4.31G   0.02861   0.00296 0.0004758   0.06409         0       640    0.7161    0.5024    0.5763    0.2113   0.05213   0.05213   0.05213
   363/399     4.31G   0.02829  0.002922 0.0004212   0.06326         1       640    0.7163    0.5076    0.5778    0.2121   0.05201   0.05201   0.05201
   364/399     4.31G    0.0287  0.002978  0.000479   0.06429         1       640    0.7322    0.4977     0.578    0.2121   0.05202   0.05202   0.05202
   365/399     4.31G   0.02879  0.002999  0.000447   0.06445         1       640    0.7185    0.4972    0.5766    0.2113   0.05202   0.05202   0.05202
   366/399     4.31G   0.02859  0.002965 0.0004337   0.06392         2       640     0.725    0.4924    0.5726    0.2107   0.05201   0.05201   0.05201
   367/399     4.31G   0.02866   0.00298 0.0004385   0.06412         4       640    0.7186    0.4924    0.5725    0.2106   0.05203   0.05203   0.05203
   368/399     4.31G   0.02824  0.002881 0.0003822   0.06297         1       640    0.7161    0.4937    0.5723    0.2098   0.05201   0.05201   0.05201
   369/399     4.31G   0.02851  0.002978 0.0003855   0.06371         2       640    0.7161    0.4879    0.5715    0.2118   0.05191   0.05191   0.05191
   370/399     4.31G   0.02812  0.002856 0.0004327   0.06279         2       640    0.7071    0.4897    0.5703    0.2137    0.0518    0.0518    0.0518
   371/399     4.31G   0.02852   0.00301  0.000455   0.06394         4       640    0.7101    0.4951    0.5739    0.2144    0.0517    0.0517    0.0517
   372/399     4.31G    0.0283  0.002922 0.0004421   0.06331         4       640    0.7063    0.4926    0.5707    0.2149    0.0516    0.0516    0.0516
   373/399     4.31G   0.02895  0.003023 0.0004776   0.06488         2       640    0.7119    0.4872    0.5709    0.2154   0.05159   0.05159   0.05159
   374/399     4.31G   0.02821  0.002919  0.000419    0.0631         0       640     0.689    0.4923    0.5676    0.2142    0.0516    0.0516    0.0516
   375/399     4.31G   0.02807  0.002902 0.0004042   0.06273         1       640     0.672    0.5006    0.5678    0.2142   0.05162   0.05162   0.05162
   376/399     4.31G   0.02825  0.002977 0.0004246   0.06324         2       640    0.6684    0.4961    0.5678     0.213    0.0516    0.0516    0.0516
   377/399     4.31G   0.02797  0.002948 0.0003911   0.06259         1       640      0.69    0.4818    0.5668    0.2134    0.0516    0.0516    0.0516
   378/399     4.31G   0.02796  0.002838 0.0003386   0.06226         1       640    0.6363    0.5159    0.5673    0.2142   0.05162   0.05162   0.05162
   379/399     4.31G   0.02866  0.003074 0.0004332   0.06429         3       640    0.7284     0.466    0.5677    0.2141   0.05162   0.05162   0.05162
   380/399     4.31G    0.0285  0.002974 0.0004804   0.06391         0       640    0.7275     0.466    0.5687    0.2145   0.05161   0.05161   0.05161
   381/399     4.31G   0.02838  0.002895 0.0004195   0.06334         5       640    0.6369    0.5185    0.5679    0.2145   0.05154   0.05154   0.05154
   382/399     4.31G   0.02859  0.002982 0.0004401   0.06402         2       640    0.6368    0.5183    0.5699    0.2151   0.05154   0.05154   0.05154
   383/399     4.31G   0.02813  0.002982 0.0004242   0.06304         1       640    0.6383    0.5191     0.571    0.2153    0.0516    0.0516    0.0516
   384/399     4.31G   0.02842  0.002966 0.0004135   0.06357         4       640    0.6389     0.519    0.5716    0.2148   0.05158   0.05158   0.05158
   385/399     4.31G   0.02838  0.002923 0.0004314   0.06345         1       640    0.6508    0.5078    0.5713    0.2144   0.05158   0.05158   0.05158
   386/399     4.31G   0.02791  0.002855 0.0004309   0.06235         4       640    0.6228    0.5287      0.57    0.2142   0.05157   0.05157   0.05157
   387/399     4.31G   0.02792  0.002837 0.0003932    0.0623         0       640    0.6197    0.5289    0.5695    0.2135   0.05157   0.05157   0.05157
   388/399     4.31G   0.02816  0.002977 0.0004389   0.06312         1       640     0.621    0.5335    0.5691    0.2122   0.05158   0.05158   0.05158
   389/399     4.31G   0.02827  0.002907 0.0004049   0.06314         4       640    0.6179    0.5285    0.5668    0.2124   0.05163   0.05163   0.05163
   390/399     4.31G   0.02808  0.002844 0.0003525   0.06253         2       640    0.6169     0.529    0.5673    0.2126   0.05164   0.05164   0.05164
   391/399     4.31G   0.02826  0.003054 0.0004394   0.06347         4       640    0.6042    0.5316    0.5648    0.2116   0.05171   0.05171   0.05171
   392/399     4.31G     0.028  0.002944 0.0004079   0.06271         0       640     0.612    0.5289    0.5643    0.2114   0.05173   0.05173   0.05173
   393/399     4.31G   0.02761  0.002944  0.000377   0.06182         4       640    0.6157    0.5289     0.564    0.2106   0.05175   0.05175   0.05175
   394/399     4.31G   0.02813  0.002978  0.000399   0.06298         4       640    0.6318    0.5157    0.5624    0.2102   0.05175   0.05175   0.05175
   395/399     4.31G    0.0279  0.002877 0.0003998   0.06231         1       640    0.6047     0.537    0.5633     0.211   0.05174   0.05174   0.05174
   396/399     4.31G    0.0279  0.002892 0.0003371   0.06222         4       640    0.6426    0.5142    0.5636    0.2115   0.05172   0.05172   0.05172
   397/399     4.31G   0.02819   0.00293 0.0004023   0.06303         2       640    0.6207    0.5289     0.563    0.2115   0.05169   0.05169   0.05169
   398/399     4.31G   0.02742  0.002832 0.0003857   0.06128         0       640     0.639    0.5157     0.562    0.2123   0.05173   0.05173   0.05173
   399/399     4.31G    0.0282  0.002951 0.0004566    0.0632         1       640    0.6319    0.5184    0.5609    0.2124   0.05174   0.05174   0.05174
